Age-standardized death rates (period 5x10), 	Last modified: 05 Aug 2025; Methods Protocol: v6 (2017) 

PopName    Year          Female_1976      Male_1976      Total_1976      Female_2013      Male_2013      Total_2013
AUS      1921-1929        0.013594        0.016998        0.015332        0.021653        0.026645        0.024159
AUS      1930-1939        0.012461        0.015827        0.014122        0.020412        0.025459        0.022864
AUS      1940-1949        0.011756        0.015589        0.013580        0.019877        0.025725        0.022598
AUS      1950-1959        0.010148        0.014987        0.012364        0.017759        0.025100        0.021021
AUS      1960-1969        0.009169        0.014668        0.011621        0.016152        0.024696        0.019793
AUS      1970-1979        0.007988        0.013372        0.010327        0.014176        0.022735        0.017689
AUS      1980-1989        0.006443        0.010929        0.008363        0.011672        0.019053        0.014646
AUS      1990-1999        0.005378        0.008761        0.006845        0.009896        0.015653        0.012248
AUS      2000-2009        0.004435        0.006844        0.005501        0.008273        0.012448        0.010030
AUS      2010-2019        0.003851        0.005666        0.004684        0.007213        0.010310        0.008586
AUS      2020-2021        0.003497        0.005136        0.004261        0.006513        0.009265        0.007763
AUT      1947-1949        0.013618        0.017349        0.015230        0.022534        0.027613        0.024655
AUT      1950-1959        0.011814        0.016429        0.013762        0.020615        0.027247        0.023333
AUT      1960-1969        0.010254        0.015570        0.012424        0.018452        0.026352        0.021548
AUT      1970-1979        0.009296        0.014825        0.011491        0.017015        0.025414        0.020167
AUT      1980-1989        0.007739        0.012735        0.009702        0.014421        0.022121        0.017248
AUT      1990-1999        0.006223        0.010402        0.007889        0.011709        0.018338        0.014157
AUT      2000-2009        0.005066        0.008196        0.006369        0.009580        0.014619        0.011541
AUT      2010-2019        0.004335        0.006794        0.005416        0.008214        0.012272        0.009912
AUT      2020-2023        0.004288        0.006740        0.005376        0.008201        0.012331        0.009966
BEL      1841-1849        0.028840        0.030331        0.029496        0.038291        0.040800        0.039394
BEL      1850-1859        0.027318        0.028489        0.027837        0.037083        0.039095        0.037955
BEL      1860-1869        0.026287        0.028054        0.027140        0.035588        0.037895        0.036662
BEL      1870-1879        0.025391        0.028673        0.027171        0.035191        0.039484        0.037510
BEL      1880-1889        0.023534        0.027550        0.025420        0.033188        0.038551        0.035639
BEL      1890-1899        0.023033        0.027183        0.025005        0.033122        0.038648        0.035680
BEL      1900-1909        0.021052        0.025156        0.022863        0.031115        0.036866        0.033561
BEL      1910-1919        0.020450        0.024200        0.022193        0.030850        0.036149        0.033231
BEL      1920-1929        0.017632        0.020974        0.019132        0.027348        0.032230        0.029444
BEL      1930-1939        0.015774        0.019272        0.017393        0.025083        0.030186        0.027342
BEL      1940-1949        0.014659        0.019817        0.017122        0.023917        0.031112        0.027240
BEL      1950-1959        0.011320        0.015311        0.013199        0.019893        0.025671        0.022535
BEL      1960-1969        0.010038        0.014892        0.012233        0.018135        0.025275        0.021263
BEL      1970-1979        0.008938        0.014255        0.011218        0.016287        0.024445        0.019639
BEL      1980-1989        0.007237        0.012210        0.009316        0.013340        0.021358        0.016506
BEL      1990-1999        0.005955        0.010271        0.007739        0.011020        0.018255        0.013814
BEL      2000-2009        0.005168        0.008598        0.006593        0.009634        0.015365        0.011885
BEL      2010-2019        0.004476        0.006953        0.005558        0.008307        0.012526        0.010065
BEL      2020-2023        0.004310        0.006503        0.005290        0.008038        0.011835        0.009664
BGR      1947-1949        0.015448        0.018029        0.016685        0.022787        0.026043        0.024339
BGR      1950-1959        0.012069        0.014358        0.013158        0.019319        0.022294        0.020717
BGR      1960-1969        0.009856        0.012300        0.011021        0.017252        0.020545        0.018790
BGR      1970-1979        0.009807        0.013217        0.011424        0.017767        0.022552        0.019983
BGR      1980-1989        0.009644        0.014215        0.011772        0.017763        0.024259        0.020715
BGR      1990-1999        0.009555        0.014958        0.012028        0.017636        0.025213        0.021005
BGR      2000-2009        0.008482        0.013660        0.010812        0.015772        0.023107        0.018970
BGR      2010-2019        0.007389        0.012217        0.009552        0.013706        0.020763        0.016745
BGR      2020-2021        0.008702        0.015047        0.011453        0.015853        0.025653        0.019912
BLR      1960-1969        0.007374        0.011792        0.008994        0.012513        0.018823        0.014719
BLR      1970-1979        0.007390        0.013199        0.009533        0.012749        0.020994        0.015619
BLR      1980-1989        0.007869        0.014517        0.010365        0.013828        0.023328        0.017127
BLR      1990-1999        0.009115        0.017716        0.012526        0.016185        0.027941        0.020505
BLR      2000-2009        0.008967        0.018581        0.012841        0.016038        0.029162        0.020983
BLR      2010-2018        0.007234        0.015260        0.010385        0.013240        0.024827        0.017467
CAN      1921-1929        0.015556        0.017110        0.016327        0.023336        0.025621        0.024447
CAN      1930-1939        0.013860        0.015740        0.014808        0.021574        0.024361        0.022949
CAN      1940-1949        0.011972        0.014743        0.013373        0.019549        0.023664        0.021585
CAN      1950-1959        0.009727        0.013405        0.011562        0.016623        0.021999        0.019260
CAN      1960-1969        0.008273        0.012794        0.010447        0.014422        0.021223        0.017625
CAN      1970-1979        0.007033        0.011927        0.009258        0.012331        0.019940        0.015676
CAN      1980-1989        0.005944        0.010214        0.007795        0.010582        0.017588        0.013478
CAN      1990-1999        0.005370        0.008871        0.006855        0.009738        0.015718        0.012141
CAN      2000-2009        0.004727        0.007231        0.005800        0.008631        0.012997        0.010403
CAN      2010-2019        0.004106        0.006034        0.004959        0.007470        0.010790        0.008879
CAN      2020-2023        0.004116        0.006160        0.005051        0.007415        0.010790        0.008907
CHE      1876-1879        0.029616        0.032305        0.031033        0.042368        0.045083        0.043858
CHE      1880-1889        0.027745        0.030099        0.028868        0.040478        0.043129        0.041729
CHE      1890-1899        0.025894        0.028074        0.027240        0.038604        0.040835        0.040145
CHE      1900-1909        0.023666        0.026574        0.025033        0.035916        0.039465        0.037559
CHE      1910-1919        0.021164        0.026360        0.022961        0.032829        0.040314        0.035253
CHE      1920-1929        0.018248        0.021374        0.019661        0.029582        0.033812        0.031438
CHE      1930-1939        0.015565        0.019415        0.017233        0.025952        0.031513        0.028268
CHE      1940-1949        0.013351        0.017032        0.014929        0.022940        0.028351        0.025167
CHE      1950-1959        0.010643        0.014692        0.012625        0.019066        0.025066        0.021920
CHE      1960-1969        0.009122        0.013445        0.010999        0.016761        0.023238        0.019471
CHE      1970-1979        0.007423        0.011761        0.009272        0.013726        0.020507        0.016478
CHE      1980-1989        0.005967        0.010247        0.007760        0.011133        0.018062        0.013878
CHE      1990-1999        0.005196        0.008788        0.006721        0.009694        0.015732        0.012096
CHE      2000-2009        0.004387        0.006910        0.005470        0.008287        0.012655        0.010054
CHE      2010-2019        0.003755        0.005610        0.004562        0.007163        0.010436        0.008524
CHE      2020-2023        0.003590        0.005292        0.004358        0.006901        0.009924        0.008209
CHL      1992-1999        0.006518        0.010420        0.008220        0.011588        0.017711        0.014138
CHL      2000-2009        0.005470        0.008829        0.006933        0.009840        0.015230        0.012076
CHL      2010-2019        0.004897        0.007687        0.006118        0.008997        0.013509        0.010890
CZE      1950-1959        0.012220        0.016645        0.014148        0.021785        0.028160        0.024483
CZE      1960-1969        0.010594        0.015965        0.012908        0.019354        0.027357        0.022656
CZE      1970-1979        0.010328        0.016669        0.012946        0.019008        0.028614        0.022752
CZE      1980-1989        0.010041        0.016487        0.012709        0.018611        0.028359        0.022403
CZE      1990-1999        0.008390        0.014356        0.010759        0.015663        0.024651        0.019023
CZE      2000-2009        0.006723        0.011131        0.008579        0.012754        0.019554        0.015446
CZE      2010-2019        0.005481        0.009125        0.007040        0.010438        0.016225        0.012786
CZE      2020-2021        0.005859        0.010076        0.007674        0.011178        0.018165        0.014040
DEUTE    1956-1959        0.011356        0.014887        0.012824        0.020152        0.025271        0.022235
DEUTE    1960-1969        0.011003        0.014847        0.012626        0.020017        0.025714        0.022367
DEUTE    1970-1979        0.010117        0.014720        0.011891        0.018756        0.025736        0.021351
DEUTE    1980-1989        0.009364        0.014341        0.011234        0.017470        0.025216        0.020205
DEUTE    1990-1999        0.007108        0.012113        0.009082        0.013191        0.020990        0.015993
DEUTE    2000-2009        0.005283        0.009014        0.006826        0.009997        0.015897        0.012240
DEUTE    2010-2019        0.004597        0.007741        0.005982        0.008697        0.013676        0.010778
DEUTNP   1990-1999        0.006334        0.010683        0.008040        0.011818        0.018887        0.014360
DEUTNP   2000-2009        0.005178        0.008443        0.006538        0.009766        0.015131        0.011836
DEUTNP   2010-2019        0.004599        0.007187        0.005732        0.008669        0.012948        0.010458
DEUTW    1956-1959        0.011316        0.015188        0.013041        0.020176        0.025707        0.022598
DEUTW    1960-1969        0.010273        0.015010        0.012248        0.018550        0.025534        0.021382
DEUTW    1970-1979        0.009119        0.014378        0.011207        0.016603        0.024695        0.019667
DEUTW    1980-1989        0.007237        0.012139        0.009120        0.013403        0.021277        0.016229
DEUTW    1990-1999        0.006153        0.010357        0.007799        0.011502        0.018420        0.013989
DEUTW    2000-2009        0.005157        0.008365        0.006471        0.009715        0.015012        0.011742
DEUTW    2010-2019        0.004601        0.007054        0.005673        0.008662        0.012772        0.010381
DNK      1835-1839        0.025937        0.029440        0.027543        0.034823        0.039353        0.036825
DNK      1840-1849        0.025479        0.028869        0.027054        0.034640        0.039228        0.036679
DNK      1850-1859        0.024590        0.028119        0.026169        0.033995        0.038859        0.036073
DNK      1860-1869        0.023691        0.026929        0.025121        0.032899        0.037860        0.034973
DNK      1870-1879        0.022641        0.025814        0.023988        0.031825        0.036501        0.033717
DNK      1880-1889        0.021076        0.024165        0.022421        0.029703        0.034449        0.031682
DNK      1890-1899        0.020249        0.023737        0.021698        0.029427        0.034449        0.031415
DNK      1900-1909        0.017754        0.021120        0.019185        0.026878        0.031882        0.028901
DNK      1910-1919        0.016815        0.019009        0.017806        0.026063        0.029122        0.027389
DNK      1920-1929        0.015888        0.016932        0.016350        0.025571        0.027161        0.026236
DNK      1930-1939        0.014882        0.015999        0.015411        0.024597        0.026099        0.025285
DNK      1940-1949        0.012569        0.013932        0.013200        0.021530        0.023473        0.022402
DNK      1950-1959        0.010778        0.012336        0.011389        0.019303        0.021433        0.020103
DNK      1960-1969        0.009147        0.012436        0.010663        0.016649        0.021644        0.018911
DNK      1970-1979        0.007750        0.011912        0.009610        0.013887        0.020508        0.016752
DNK      1980-1989        0.007297        0.011645        0.009173        0.012931        0.020069        0.015873
DNK      1990-1999        0.007056        0.010802        0.008638        0.012586        0.018987        0.015142
DNK      2000-2009        0.006049        0.008869        0.007265        0.011022        0.015899        0.013005
DNK      2010-2019        0.004838        0.007008        0.005800        0.009000        0.012766        0.010593
DNK      2020-2024        0.004415        0.006451        0.005304        0.008319        0.011875        0.009838
ESP      1908-1909        0.025853        0.028772        0.027189        0.034866        0.039156        0.036725
ESP      1910-1919        0.026142        0.029619        0.027717        0.035438        0.040711        0.037718
ESP      1920-1929        0.022004        0.026442        0.023977        0.030577        0.037253        0.033412
ESP      1930-1939        0.018914        0.025396        0.021809        0.027403        0.036420        0.031237
ESP      1940-1949        0.015566        0.021754        0.018237        0.023437        0.032186        0.027031
ESP      1950-1959        0.011535        0.015496        0.013213        0.019102        0.025169        0.021541
ESP      1960-1969        0.009318        0.013325        0.011021        0.016347        0.022528        0.018848
ESP      1970-1979        0.007922        0.012030        0.009680        0.014498        0.020848        0.017091
ESP      1980-1989        0.006108        0.010078        0.007820        0.011441        0.017592        0.013967
ESP      1990-1999        0.005107        0.009120        0.006855        0.009662        0.015925        0.012256
ESP      2000-2009        0.004233        0.007633        0.005719        0.008106        0.013627        0.010406
ESP      2010-2019        0.003533        0.006180        0.004694        0.006756        0.011246        0.008646
ESP      2020-2023        0.003474        0.006016        0.004589        0.006618        0.011008        0.008474
EST      1960-1969        0.009590        0.015812        0.011787        0.017231        0.026153        0.020154
EST      1970-1979        0.009298        0.016100        0.011830        0.016750        0.026309        0.020027
EST      1980-1989        0.009164        0.016494        0.011918        0.016453        0.026817        0.020026
EST      1990-1999        0.009089        0.017615        0.012542        0.016092        0.027719        0.020455
EST      2000-2009        0.007110        0.014723        0.010158        0.012831        0.023600        0.016832
EST      2010-2019        0.005245        0.010793        0.007375        0.009690        0.018082        0.012680
FIN      1878-1879        0.026294        0.028488        0.026727        0.036570        0.039788        0.036979
FIN      1880-1889        0.025373        0.029133        0.026950        0.035526        0.041008        0.037657
FIN      1890-1899        0.023991        0.027589        0.025614        0.034557        0.039839        0.036794
FIN      1900-1909        0.022754        0.026780        0.024503        0.032738        0.038522        0.035112
FIN      1910-1919        0.022372        0.029142        0.025472        0.032876        0.041441        0.036652
FIN      1920-1929        0.019361        0.024616        0.021712        0.029185        0.036057        0.032146
FIN      1930-1939        0.017344        0.022808        0.019729        0.026968        0.033628        0.029786
FIN      1940-1949        0.015740        0.025972        0.020357        0.025634        0.037536        0.030832
FIN      1950-1959        0.012425        0.018224        0.014791        0.022139        0.030116        0.025239
FIN      1960-1969        0.011201        0.017239        0.013738        0.020652        0.028888        0.023968
FIN      1970-1979        0.008684        0.015543        0.011479        0.016108        0.026046        0.019937
FIN      1980-1989        0.006963        0.012837        0.009324        0.013052        0.021934        0.016385
FIN      1990-1999        0.006126        0.010967        0.008103        0.011607        0.019130        0.014458
FIN      2000-2009        0.004972        0.008710        0.006568        0.009375        0.015320        0.011740
FIN      2010-2019        0.004220        0.007075        0.005483        0.007978        0.012661        0.009936
FIN      2020-2024        0.004055        0.006639        0.005199        0.007670        0.011990        0.009507
FRACNP   1816-1819        0.027875        0.029013        0.028434        0.036760        0.037847        0.037289
FRACNP   1820-1829        0.027228        0.028250        0.027734        0.035880        0.036968        0.036411
FRACNP   1830-1839        0.028065        0.029291        0.028652        0.037362        0.038869        0.038073
FRACNP   1840-1849        0.026995        0.028477        0.027702        0.036537        0.038504        0.037452
FRACNP   1850-1859        0.027886        0.029461        0.028636        0.038013        0.040098        0.038967
FRACNP   1860-1869        0.026275        0.028003        0.027105        0.036119        0.038423        0.037193
FRACNP   1870-1879        0.026632        0.029769        0.028154        0.036800        0.040889        0.038726
FRACNP   1880-1889        0.024336        0.027559        0.025780        0.033770        0.038330        0.035740
FRACNP   1890-1899        0.024146        0.027858        0.025850        0.034739        0.039930        0.037029
FRACNP   1900-1909        0.022451        0.026956        0.024537        0.033035        0.039439        0.035888
FRACNP   1910-1919        0.021392        0.027321        0.023966        0.031852        0.039670        0.035170
FRACNP   1920-1929        0.018670        0.023448        0.020791        0.028740        0.035638        0.031668
FRACNP   1930-1939        0.016258        0.021907        0.018744        0.025708        0.033785        0.029116
FRACNP   1940-1949        0.014975        0.021037        0.017535        0.024425        0.033029        0.027893
FRACNP   1950-1959        0.010849        0.016191        0.013090        0.018850        0.026904        0.022038
FRACNP   1960-1969        0.008933        0.014697        0.011353        0.015982        0.024685        0.019398
FRACNP   1970-1979        0.007572        0.013292        0.009968        0.013729        0.022469        0.017150
FRACNP   1980-1989        0.006165        0.011497        0.008408        0.011347        0.019629        0.014603
FRACNP   1990-1999        0.004990        0.009543        0.006921        0.009180        0.016392        0.012046
FRACNP   2000-2009        0.004209        0.007842        0.005755        0.007738        0.013647        0.010106
FRACNP   2010-2019        0.003648        0.006495        0.004874        0.006657        0.011342        0.008578
FRACNP   2020-2023        0.003647        0.006339        0.004808        0.006660        0.011128        0.008519
FRATNP   1816-1819        0.027875        0.029013        0.028434        0.036760        0.037847        0.037289
FRATNP   1820-1829        0.027228        0.028250        0.027734        0.035880        0.036968        0.036411
FRATNP   1830-1839        0.028065        0.029291        0.028652        0.037362        0.038869        0.038073
FRATNP   1840-1849        0.026995        0.028477        0.027702        0.036537        0.038504        0.037452
FRATNP   1850-1859        0.027886        0.029461        0.028636        0.038013        0.040098        0.038967
FRATNP   1860-1869        0.026275        0.028003        0.027105        0.036119        0.038423        0.037193
FRATNP   1870-1879        0.026632        0.029769        0.028154        0.036800        0.040890        0.038726
FRATNP   1880-1889        0.024336        0.027559        0.025780        0.033770        0.038330        0.035740
FRATNP   1890-1899        0.024146        0.027858        0.025850        0.034739        0.039930        0.037029
FRATNP   1900-1909        0.022451        0.026956        0.024537        0.033035        0.039439        0.035888
FRATNP   1910-1919        0.021392        0.032609        0.026644        0.031852        0.044311        0.037532
FRATNP   1920-1929        0.018670        0.023442        0.020788        0.028740        0.035633        0.031666
FRATNP   1930-1939        0.016258        0.021908        0.018745        0.025708        0.033789        0.029117
FRATNP   1940-1949        0.015454        0.022574        0.018554        0.024858        0.034424        0.028814
FRATNP   1950-1959        0.010849        0.016191        0.013090        0.018850        0.026904        0.022038
FRATNP   1960-1969        0.008933        0.014697        0.011353        0.015982        0.024685        0.019398
FRATNP   1970-1979        0.007572        0.013292        0.009968        0.013729        0.022469        0.017150
FRATNP   1980-1989        0.006165        0.011497        0.008408        0.011347        0.019629        0.014603
FRATNP   1990-1999        0.004990        0.009543        0.006921        0.009180        0.016392        0.012046
FRATNP   2000-2009        0.004209        0.007842        0.005755        0.007738        0.013647        0.010106
FRATNP   2010-2019        0.003648        0.006495        0.004874        0.006657        0.011342        0.008578
FRATNP   2020-2023        0.003647        0.006339        0.004808        0.006660        0.011128        0.008519
GBR_NIR  1922-1929        0.019280        0.020364        0.019761        0.028688        0.030797        0.029594
GBR_NIR  1930-1939        0.017740        0.019224        0.018547        0.027114        0.029642        0.028408
GBR_NIR  1940-1949        0.014516        0.017024        0.015636        0.023052        0.026904        0.024718
GBR_NIR  1950-1959        0.011522        0.014970        0.013068        0.019968        0.025230        0.022271
GBR_NIR  1960-1969        0.010056        0.014533        0.011998        0.017746        0.024628        0.020639
GBR_NIR  1970-1979        0.009329        0.015011        0.011712        0.016493        0.025396        0.020043
GBR_NIR  1980-1989        0.007966        0.012975        0.010032        0.014267        0.022485        0.017448
GBR_NIR  1990-1999        0.006713        0.010776        0.008309        0.012250        0.019204        0.014814
GBR_NIR  2000-2009        0.005645        0.008477        0.006831        0.010417        0.015254        0.012322
GBR_NIR  2010-2019        0.004908        0.006869        0.005782        0.009052        0.012371        0.010459
GBR_NIR  2020-2022        0.004938        0.006908        0.005811        0.009106        0.012409        0.010520
GBR_NP   1922-1929        0.016369        0.020310        0.018077        0.025742        0.031731        0.028203
GBR_NP   1930-1939        0.014757        0.018942        0.016547        0.023805        0.030332        0.026455
GBR_NP   1940-1949        0.012534        0.017181        0.014498        0.020861        0.027925        0.023721
GBR_NP   1950-1959        0.010487        0.015658        0.012601        0.018558        0.026814        0.021780
GBR_NP   1960-1969        0.009307        0.014817        0.011533        0.016600        0.025405        0.019958
GBR_NP   1970-1979        0.008521        0.013965        0.010695        0.015233        0.024140        0.018556
GBR_NP   1980-1989        0.007452        0.012112        0.009327        0.013414        0.021299        0.016367
GBR_NP   1990-1999        0.006498        0.010165        0.007998        0.011861        0.018185        0.014283
GBR_NP   2000-2009        0.005478        0.008045        0.006569        0.010127        0.014524        0.011898
GBR_NP   2010-2019        0.004666        0.006565        0.005508        0.008655        0.011884        0.010036
GBR_NP   2020-2022        0.004784        0.006854        0.005714        0.008838        0.012309        0.010360
GBR_SCO  1855-1859        0.022952        0.026208        0.024380        0.030615        0.034947        0.032444
GBR_SCO  1860-1869        0.024309        0.027644        0.025762        0.032299        0.036838        0.034193
GBR_SCO  1870-1879        0.024682        0.028422        0.026297        0.033283        0.038296        0.035365
GBR_SCO  1880-1889        0.022918        0.026497        0.024345        0.031329        0.036385        0.033260
GBR_SCO  1890-1899        0.023402        0.027030        0.024946        0.032528        0.037696        0.034624
GBR_SCO  1900-1909        0.022141        0.025767        0.023758        0.031495        0.036818        0.033732
GBR_SCO  1910-1919        0.020414        0.024227        0.022124        0.029770        0.035399        0.032155
GBR_SCO  1920-1929        0.018242        0.021923        0.019895        0.027910        0.033644        0.030316
GBR_SCO  1930-1939        0.016329        0.020336        0.018035        0.025784        0.032021        0.028290
GBR_SCO  1940-1949        0.014600        0.019250        0.016685        0.023795        0.030576        0.026709
GBR_SCO  1950-1959        0.012092        0.017065        0.014155        0.021120        0.028779        0.024170
GBR_SCO  1960-1969        0.010534        0.016259        0.012885        0.018564        0.027483        0.022049
GBR_SCO  1970-1979        0.009489        0.015532        0.011843        0.016678        0.026411        0.020231
GBR_SCO  1980-1989        0.008444        0.013729        0.010510        0.014951        0.023705        0.018124
GBR_SCO  1990-1999        0.007431        0.011679        0.009140        0.013333        0.020413        0.015987
GBR_SCO  2000-2009        0.006374        0.009450        0.007688        0.011600        0.016595        0.013611
GBR_SCO  2010-2019        0.005541        0.007710        0.006503        0.010141        0.013661        0.011638
GBR_SCO  2020-2022        0.005701        0.007938        0.006725        0.010367        0.013915        0.011941
GBRCENW  1841-1849        0.026455        0.028885        0.027576        0.035169        0.038606        0.036700
GBRCENW  1850-1859        0.025674        0.028331        0.026858        0.034358        0.038085        0.035953
GBRCENW  1860-1869        0.025506        0.028737        0.026974        0.034292        0.038633        0.036194
GBRCENW  1870-1879        0.025270        0.029154        0.027044        0.034768        0.039852        0.037015
GBRCENW  1880-1889        0.023716        0.027541        0.025437        0.033169        0.038400        0.035443
GBRCENW  1890-1899        0.023649        0.027741        0.025429        0.033498        0.038969        0.035783
GBRCENW  1900-1909        0.020875        0.024926        0.022704        0.030286        0.035847        0.032702
GBRCENW  1910-1919        0.018899        0.023965        0.021112        0.028233        0.035315        0.031207
GBRCENW  1920-1929        0.016076        0.020136        0.017836        0.025249        0.031367        0.027763
GBRCENW  1930-1939        0.014481        0.018756        0.016307        0.023481        0.030153        0.026186
GBRCENW  1940-1949        0.012275        0.016945        0.014244        0.020526        0.027667        0.023408
GBRCENW  1950-1959        0.010290        0.015568        0.012423        0.018261        0.026720        0.021522
GBRCENW  1960-1969        0.009155        0.014676        0.011378        0.016372        0.025218        0.019728
GBRCENW  1970-1979        0.008400        0.013791        0.010555        0.015056        0.023900        0.018355
GBRCENW  1980-1989        0.007339        0.011935        0.009192        0.013240        0.021043        0.016168
GBRCENW  1990-1999        0.006399        0.010007        0.007878        0.011706        0.017954        0.014104
GBRCENW  2000-2009        0.005385        0.007898        0.006453        0.009975        0.014309        0.011722
GBRCENW  2010-2019        0.004575        0.006450        0.005405        0.008502        0.011708        0.009873
GBRCENW  2020-2022        0.004693        0.006750        0.005617        0.008687        0.012156        0.010208
GBRTENW  1841-1849        0.026455        0.028885        0.027576        0.035169        0.038606        0.036700
GBRTENW  1850-1859        0.025674        0.028331        0.026858        0.034358        0.038085        0.035953
GBRTENW  1860-1869        0.025506        0.028737        0.026974        0.034292        0.038633        0.036194
GBRTENW  1870-1879        0.025270        0.029154        0.027044        0.034768        0.039852        0.037015
GBRTENW  1880-1889        0.023716        0.027541        0.025437        0.033169        0.038400        0.035443
GBRTENW  1890-1899        0.023649        0.027741        0.025429        0.033498        0.038969        0.035783
GBRTENW  1900-1909        0.020875        0.024926        0.022704        0.030286        0.035847        0.032702
GBRTENW  1910-1919        0.018899        0.026536        0.022374        0.028233        0.037543        0.032302
GBRTENW  1920-1929        0.016076        0.020124        0.017830        0.025249        0.031357        0.027759
GBRTENW  1930-1939        0.014481        0.018754        0.016306        0.023481        0.030151        0.026185
GBRTENW  1940-1949        0.012266        0.017735        0.014658        0.020519        0.028347        0.023766
GBRTENW  1950-1959        0.010289        0.015568        0.012422        0.018259        0.026720        0.021521
GBRTENW  1960-1969        0.009155        0.014676        0.011378        0.016372        0.025218        0.019728
GBRTENW  1970-1979        0.008400        0.013791        0.010555        0.015056        0.023900        0.018355
GBRTENW  1980-1989        0.007339        0.011935        0.009192        0.013240        0.021043        0.016168
GBRTENW  1990-1999        0.006399        0.010007        0.007878        0.011706        0.017954        0.014104
GBRTENW  2000-2009        0.005385        0.007898        0.006453        0.009975        0.014309        0.011722
GBRTENW  2010-2019        0.004575        0.006450        0.005405        0.008502        0.011708        0.009873
GBRTENW  2020-2022        0.004693        0.006750        0.005617        0.008687        0.012156        0.010208
GRC      1981-1989        0.006667        0.009599        0.008006        0.012525        0.016853        0.014456
GRC      1990-1999        0.005869        0.008937        0.007262        0.011219        0.015807        0.013250
GRC      2000-2009        0.004966        0.007955        0.006323        0.009606        0.014094        0.011590
GRC      2010-2019        0.004295        0.006858        0.005464        0.008287        0.012016        0.009968
HKG      1986-1989        0.005953        0.010199        0.007575        0.010916        0.018054        0.013419
HKG      1990-1999        0.004962        0.008235        0.006431        0.009139        0.014683        0.011441
HKG      2000-2009        0.003817        0.006670        0.005098        0.007181        0.012109        0.009296
HKG      2010-2019        0.003072        0.005381        0.004127        0.005726        0.009771        0.007527
HKG      2020-2023        0.002838        0.004993        0.003824        0.005255        0.008991        0.006946
HRV      2001-2009        0.006957        0.011809        0.009011        0.013258        0.020546        0.016163
HRV      2010-2019        0.005939        0.009834        0.007641        0.011379        0.017414        0.013869
HUN      1950-1959        0.013335        0.016589        0.014813        0.022873        0.027418        0.024885
HUN      1960-1969        0.011346        0.015071        0.013048        0.020199        0.025761        0.022657
HUN      1970-1979        0.010662        0.015716        0.012873        0.019089        0.026630        0.022250
HUN      1980-1989        0.010349        0.017109        0.013245        0.018450        0.028252        0.022449
HUN      1990-1999        0.009345        0.016740        0.012480        0.016622        0.027037        0.020821
HUN      2000-2009        0.007831        0.014074        0.010443        0.014069        0.023138        0.017654
HUN      2010-2019        0.006697        0.011554        0.008705        0.012223        0.019463        0.015069
IRL      1950-1959        0.012328        0.015248        0.013717        0.020943        0.025593        0.023110
IRL      1960-1969        0.010488        0.014150        0.012233        0.018463        0.024286        0.021159
IRL      1970-1979        0.009574        0.014107        0.011654        0.017126        0.024352        0.020332
IRL      1980-1989        0.008218        0.013016        0.010333        0.014958        0.022911        0.018314
IRL      1990-1999        0.007072        0.011251        0.008882        0.013115        0.020263        0.016058
IRL      2000-2009        0.005569        0.008586        0.006863        0.010434        0.015690        0.012567
IRL      2010-2019        0.004518        0.006683        0.005456        0.008512        0.012258        0.010073
IRL      2020-2022        0.004245        0.006129        0.005080        0.008011        0.011283        0.009426
ISL      1838-1839        0.034769        0.040707        0.037597        0.044612        0.050452        0.047545
ISL      1840-1849        0.032586        0.037860        0.034724        0.042086        0.048100        0.044310
ISL      1850-1859        0.024423        0.031439        0.027519        0.030717        0.039436        0.034411
ISL      1860-1869        0.036532        0.046615        0.040978        0.047693        0.059371        0.052681
ISL      1870-1879        0.026506        0.033147        0.029724        0.034573        0.041864        0.038145
ISL      1880-1889        0.026032        0.031559        0.028476        0.034046        0.040415        0.036754
ISL      1890-1899        0.021690        0.028534        0.024323        0.030996        0.039616        0.034099
ISL      1900-1909        0.018532        0.024248        0.021161        0.026246        0.034266        0.029771
ISL      1910-1919        0.016419        0.021012        0.018421        0.024511        0.030677        0.027018
ISL      1920-1929        0.015554        0.019369        0.017406        0.023584        0.028956        0.026085
ISL      1930-1939        0.012839        0.016308        0.014351        0.019819        0.025118        0.021977
ISL      1940-1949        0.010957        0.013833        0.012167        0.017991        0.022156        0.019638
ISL      1950-1959        0.008542        0.011392        0.009788        0.015054        0.019363        0.016852
ISL      1960-1969        0.008163        0.011388        0.009594        0.014865        0.019461        0.016818
ISL      1970-1979        0.006760        0.010533        0.008442        0.012146        0.017830        0.014595
ISL      1980-1989        0.005936        0.009589        0.007451        0.010873        0.016672        0.013209
ISL      1990-1999        0.005546        0.008057        0.006709        0.010305        0.014562        0.012209
ISL      2000-2009        0.004681        0.006681        0.005552        0.008875        0.012396        0.010356
ISL      2010-2019        0.004216        0.005739        0.004911        0.008077        0.010805        0.009272
ISL      2020-2023        0.004187        0.005599        0.004849        0.007952        0.010326        0.009035
ISR      1983-1989        0.007411        0.009658        0.008462        0.013379        0.016680        0.014910
ISR      1990-1999        0.006193        0.008399        0.007191        0.011358        0.014794        0.012881
ISR      2000-2009        0.005030        0.006991        0.005914        0.009449        0.012469        0.010773
ISR      2010-2016        0.004347        0.005900        0.005085        0.008190        0.010678        0.009323
ITA      1872-1879        0.032730        0.032536        0.032619        0.042461        0.041182        0.041781
ITA      1880-1889        0.030467        0.029848        0.030116        0.040591        0.038784        0.039603
ITA      1890-1899        0.027196        0.027426        0.027318        0.037343        0.037416        0.037390
ITA      1900-1909        0.024970        0.026167        0.025541        0.035244        0.037155        0.036134
ITA      1910-1919        0.024484        0.029381        0.026745        0.034863        0.040123        0.037234
ITA      1920-1929        0.020683        0.022581        0.021583        0.031012        0.033866        0.032337
ITA      1930-1939        0.017248        0.019873        0.018422        0.026629        0.030527        0.028334
ITA      1940-1949        0.016163        0.020944        0.018246        0.025894        0.031949        0.028441
ITA      1950-1959        0.011497        0.014735        0.012956        0.019823        0.024543        0.021906
ITA      1960-1969        0.009705        0.013888        0.011562        0.017272        0.023385        0.019911
ITA      1970-1979        0.008273        0.012888        0.010300        0.015072        0.022140        0.018039
ITA      1980-1989        0.006686        0.011182        0.008602        0.012447        0.019556        0.015325
ITA      1990-1999        0.005363        0.009190        0.006977        0.010033        0.016293        0.012532
ITA      2000-2009        0.004343        0.007252        0.005565        0.008244        0.013240        0.010232
ITA      2010-2019        0.003788        0.005980        0.004719        0.007248        0.011116        0.008820
ITA      2020-2022        0.003945        0.006133        0.004900        0.007609        0.011460        0.009230
JPN      1947-1949        0.017575        0.022329        0.019640        0.026606        0.033743        0.029553
JPN      1950-1959        0.013468        0.017738        0.015317        0.022266        0.029049        0.025047
JPN      1960-1969        0.010471        0.015000        0.012440        0.018788        0.025970        0.021764
JPN      1970-1979        0.007947        0.011809        0.009615        0.014775        0.020942        0.017339
JPN      1980-1989        0.005764        0.009257        0.007250        0.010890        0.016619        0.013231
JPN      1990-1999        0.004460        0.007987        0.005934        0.008368        0.014371        0.010744
JPN      2000-2009        0.003472        0.006715        0.004831        0.006411        0.012059        0.008639
JPN      2010-2019        0.003047        0.005782        0.004208        0.005647        0.010542        0.007622
JPN      2020-2023        0.002865        0.005406        0.003961        0.005316        0.009908        0.007220
KOR      2003-2009        0.004919        0.008821        0.006541        0.009427        0.015739        0.011861
KOR      2010-2019        0.003610        0.006636        0.004894        0.006987        0.012105        0.009009
KOR      2020-2023        0.003184        0.005779        0.004300        0.006187        0.010730        0.008030
LTU      1960-1969        0.008326        0.012547        0.010064        0.014252        0.019950        0.016490
LTU      1970-1979        0.007897        0.013358        0.010195        0.013766        0.020928        0.016674
LTU      1980-1989        0.007860        0.014080        0.010423        0.013848        0.022255        0.017165
LTU      1990-1999        0.008157        0.015858        0.011338        0.014436        0.024653        0.018445
LTU      2000-2009        0.007289        0.015057        0.010496        0.012969        0.023478        0.017058
LTU      2010-2019        0.006208        0.012862        0.008902        0.011255        0.020732        0.014866
LTU      2020-2024        0.005883        0.011816        0.008263        0.010815        0.019697        0.014157
LUX      1960-1969        0.010962        0.016184        0.013301        0.019710        0.027094        0.022923
LUX      1970-1979        0.009715        0.015674        0.012294        0.017621        0.026574        0.021344
LUX      1980-1989        0.007907        0.013523        0.010131        0.014603        0.023311        0.017882
LUX      1990-1999        0.006361        0.010695        0.008142        0.011844        0.018846        0.014547
LUX      2000-2009        0.005216        0.008352        0.006549        0.009763        0.015103        0.011859
LUX      2010-2019        0.004217        0.006546        0.005240        0.007949        0.011971        0.009623
LUX      2020-2023        0.003870        0.005887        0.004773        0.007396        0.010888        0.008902
LVA      1960-1969        0.009040        0.014380        0.011060        0.016064        0.023535        0.018733
LVA      1970-1979        0.009105        0.015903        0.011730        0.016173        0.025480        0.019542
LVA      1980-1989        0.009045        0.016318        0.011834        0.016129        0.026171        0.019729
LVA      1990-1999        0.009430        0.018819        0.013100        0.016529        0.029263        0.021141
LVA      2000-2009        0.008116        0.016442        0.011358        0.014460        0.026036        0.018642
LVA      2010-2019        0.006578        0.013207        0.009155        0.011893        0.021497        0.015373
NLD      1850-1859        0.030397        0.032706        0.031475        0.040852        0.043579        0.042086
NLD      1860-1869        0.029078        0.031210        0.030084        0.039087        0.041516        0.040200
NLD      1870-1879        0.027379        0.029967        0.028593        0.037256        0.040368        0.038665
NLD      1880-1889        0.024200        0.026970        0.025489        0.033550        0.036958        0.035082
NLD      1890-1899        0.022587        0.024830        0.023491        0.032391        0.035168        0.033415
NLD      1900-1909        0.019580        0.021701        0.020603        0.028994        0.031814        0.030313
NLD      1910-1919        0.018308        0.019972        0.019101        0.027862        0.030251        0.028963
NLD      1920-1929        0.015724        0.016651        0.016210        0.025361        0.026820        0.026096
NLD      1930-1939        0.013669        0.014568        0.014117        0.023029        0.024475        0.023728
NLD      1940-1949        0.013274        0.015577        0.014419        0.022733        0.025734        0.024201
NLD      1950-1959        0.009720        0.011696        0.010656        0.017652        0.020502        0.018981
NLD      1960-1969        0.008374        0.011770        0.009963        0.015429        0.020398        0.017722
NLD      1970-1979        0.007299        0.011742        0.009273        0.013441        0.020348        0.016433
NLD      1980-1989        0.006138        0.010768        0.008078        0.011313        0.019053        0.014408
NLD      1990-1999        0.005901        0.009844        0.007509        0.010948        0.017878        0.013606
NLD      2000-2009        0.005321        0.008074        0.006457        0.009925        0.014948        0.011880
NLD      2010-2019        0.004600        0.006386        0.005373        0.008610        0.011921        0.009981
NLD      2020-2022        0.004658        0.006368        0.005427        0.008810        0.012004        0.010189
NOR      1846-1849        0.022129        0.025019        0.023511        0.030764        0.034339        0.032417
NOR      1850-1859        0.019961        0.022611        0.021226        0.028061        0.031520        0.029655
NOR      1860-1869        0.020005        0.022635        0.021213        0.027539        0.031124        0.029116
NOR      1870-1879        0.019230        0.021757        0.020394        0.026742        0.030060        0.028214
NOR      1880-1889        0.018940        0.020771        0.019947        0.026495        0.029027        0.027863
NOR      1890-1899        0.017890        0.020516        0.019159        0.025354        0.028863        0.027002
NOR      1900-1909        0.016308        0.018450        0.017293        0.023899        0.026846        0.025218
NOR      1910-1919        0.015884        0.018258        0.016997        0.023640        0.026903        0.025134
NOR      1920-1929        0.013857        0.015780        0.014734        0.021558        0.024359        0.022799
NOR      1930-1939        0.012377        0.014216        0.013279        0.020203        0.022819        0.021448
NOR      1940-1949        0.010625        0.012981        0.011750        0.017884        0.020913        0.019285
NOR      1950-1959        0.008751        0.010977        0.009794        0.015858        0.018935        0.017265
NOR      1960-1969        0.008239        0.011639        0.009818        0.015237        0.020204        0.017486
NOR      1970-1979        0.007203        0.011427        0.009113        0.013422        0.019871        0.016240
NOR      1980-1989        0.006251        0.010700        0.008206        0.011603        0.018736        0.014599
NOR      1990-1999        0.005757        0.009526        0.007368        0.010772        0.017211        0.013378
NOR      2000-2009        0.004975        0.007686        0.006128        0.009342        0.014159        0.011278
NOR      2010-2019        0.004228        0.006080        0.005049        0.008020        0.011352        0.009426
NOR      2020-2023        0.003954        0.005426        0.004638        0.007553        0.010207        0.008731
NZL_MA   1948-1949        0.022086        0.023203        0.022667        0.030600        0.032762        0.031748
NZL_MA   1950-1959        0.018626        0.020373        0.019527        0.026733        0.029394        0.028107
NZL_MA   1960-1969        0.016144        0.019221        0.017735        0.024516        0.029591        0.027118
NZL_MA   1970-1979        0.014324        0.019066        0.016652        0.022789        0.029754        0.026195
NZL_MA   1980-1989        0.011079        0.015592        0.013194        0.018482        0.025761        0.021820
NZL_MA   1990-1999        0.009839        0.013917        0.011645        0.016240        0.022960        0.019070
NZL_MA   2000-2008        0.008851        0.011878        0.010215        0.015045        0.019682        0.017063
NZL_NM   1901-1909        0.015340        0.017393        0.016565        0.023260        0.026286        0.025085
NZL_NM   1910-1919        0.014567        0.017421        0.016111        0.022889        0.026788        0.025030
NZL_NM   1920-1929        0.013474        0.015729        0.014656        0.021839        0.025197        0.023604
NZL_NM   1930-1939        0.012285        0.014631        0.013466        0.020477        0.024100        0.022283
NZL_NM   1940-1949        0.011393        0.014331        0.012776        0.019385        0.024001        0.021526
NZL_NM   1950-1959        0.009784        0.013319        0.011416        0.017163        0.022589        0.019616
NZL_NM   1960-1969        0.008933        0.013678        0.011065        0.015915        0.023360        0.019149
NZL_NM   1970-1979        0.008158        0.013242        0.010377        0.014474        0.022628        0.017854
NZL_NM   1980-1989        0.007198        0.011736        0.009119        0.012844        0.020392        0.015856
NZL_NM   1990-1999        0.005900        0.009230        0.007301        0.010678        0.016424        0.012971
NZL_NM   2000-2008        0.004789        0.007003        0.005748        0.008934        0.012829        0.010544
NZL_NP   1948-1949        0.010552        0.013715        0.012055        0.017799        0.022688        0.020083
NZL_NP   1950-1959        0.009891        0.013563        0.011623        0.017103        0.022718        0.019701
NZL_NP   1960-1969        0.009107        0.013871        0.011258        0.016055        0.023516        0.019314
NZL_NP   1970-1979        0.008363        0.013532        0.010595        0.014699        0.022968        0.018097
NZL_NP   1980-1989        0.007351        0.011894        0.009280        0.013024        0.020577        0.016048
NZL_NP   1990-1999        0.006138        0.009519        0.007555        0.010976        0.016796        0.013291
NZL_NP   2000-2009        0.005086        0.007396        0.006085        0.009338        0.013398        0.011008
NZL_NP   2010-2019        0.004466        0.006114        0.005227        0.008241        0.011124        0.009514
NZL_NP   2020-2021        0.003989        0.005581        0.004704        0.007354        0.010075        0.008550
POL      1958-1959        0.012030        0.016220        0.013884        0.020257        0.026378        0.022819
POL      1960-1969        0.010113        0.014749        0.012035        0.017671        0.024439        0.020331
POL      1970-1979        0.009239        0.014838        0.011583        0.016551        0.024722        0.019791
POL      1980-1989        0.008977        0.015268        0.011656        0.016117        0.025261        0.019790
POL      1990-1999        0.008244        0.014815        0.011024        0.015012        0.024476        0.018790
POL      2000-2009        0.006513        0.012059        0.008864        0.011975        0.020155        0.015242
POL      2010-2019        0.005469        0.010127        0.007471        0.010055        0.017051        0.012895
POL      2020-2023        0.005707        0.010518        0.007785        0.010537        0.017901        0.013549
PRT      1940-1949        0.016496        0.022058        0.018781        0.024016        0.032251        0.027204
PRT      1950-1959        0.012975        0.017845        0.014969        0.020604        0.027964        0.023425
PRT      1960-1969        0.011344        0.016433        0.013449        0.019059        0.026735        0.022036
PRT      1970-1979        0.009840        0.014894        0.011996        0.017408        0.024961        0.020453
PRT      1980-1989        0.007635        0.012529        0.009669        0.013908        0.021317        0.016827
PRT      1990-1999        0.006502        0.011012        0.008438        0.012085        0.018982        0.014906
PRT      2000-2009        0.005117        0.008922        0.006754        0.009657        0.015659        0.012118
PRT      2010-2019        0.004063        0.007126        0.005389        0.007731        0.012637        0.009767
PRT      2020-2023        0.003944        0.006759        0.005179        0.007536        0.012024        0.009442
RUS      1960-1969        0.009113        0.015711        0.011353        0.015590        0.024679        0.018486
RUS      1970-1979        0.009363        0.017611        0.012229        0.016306        0.027688        0.019924
RUS      1980-1989        0.009402        0.017689        0.012394        0.016557        0.028066        0.020298
RUS      1990-1999        0.010257        0.020470        0.014266        0.017916        0.031604        0.022805
RUS      2000-2009        0.010186        0.021051        0.014591        0.017684        0.031972        0.023075
RUS      2010-2014        0.008180        0.016406        0.011499        0.014411        0.025509        0.018604
SVK      1950-1959        0.012742        0.015531        0.014010        0.021849        0.025659        0.023530
SVK      1960-1969        0.010322        0.014207        0.012028        0.018771        0.024343        0.021129
SVK      1970-1979        0.010238        0.015131        0.012603        0.018521        0.025506        0.021786
SVK      1980-1989        0.009775        0.016258        0.012598        0.017796        0.027137        0.021703
SVK      1990-1999        0.008562        0.015009        0.011341        0.015732        0.025057        0.019579
SVK      2000-2009        0.007366        0.013240        0.009769        0.013783        0.022459        0.017150
SVK      2010-2019        0.006142        0.010671        0.008046        0.011513        0.018325        0.014227
SVN      1983-1989        0.008591        0.014827        0.011139        0.015856        0.025165        0.019424
SVN      1990-1999        0.007222        0.012654        0.009451        0.013446        0.021656        0.016585
SVN      2000-2009        0.005569        0.010080        0.007435        0.010483        0.017615        0.013203
SVN      2010-2019        0.004515        0.007663        0.005864        0.008590        0.013733        0.010656
SWE      1751-1759        0.027978        0.031483        0.029535        0.036050        0.039992        0.037734
SWE      1760-1769        0.028991        0.032555        0.030658        0.037673        0.041604        0.039474
SWE      1770-1779        0.032445        0.035722        0.033885        0.042175        0.046167        0.043834
SWE      1780-1789        0.029912        0.034378        0.031878        0.039971        0.045404        0.042238
SWE      1790-1799        0.028755        0.032947        0.030414        0.039290        0.044933        0.041352
SWE      1800-1809        0.032566        0.038020        0.034478        0.044289        0.051470        0.046548
SWE      1810-1819        0.030334        0.035121        0.032462        0.041245        0.047306        0.043818
SWE      1820-1829        0.026956        0.032572        0.029406        0.037664        0.044849        0.040659
SWE      1830-1839        0.028128        0.034153        0.030673        0.039876        0.047767        0.043023
SWE      1840-1849        0.025851        0.030945        0.028111        0.037170        0.043771        0.039930
SWE      1850-1859        0.026380        0.031201        0.028473        0.037285        0.043599        0.039836
SWE      1860-1869        0.023594        0.027955        0.025503        0.033495        0.039596        0.035995
SWE      1870-1879        0.021812        0.025584        0.023491        0.030974        0.036278        0.033202
SWE      1880-1889        0.019585        0.022805        0.020944        0.028183        0.032940        0.030068
SWE      1890-1899        0.018771        0.021272        0.019928        0.027662        0.031265        0.029254
SWE      1900-1909        0.017105        0.019723        0.018179        0.025608        0.029445        0.027121
SWE      1910-1919        0.016475        0.018819        0.017533        0.025042        0.028387        0.026499
SWE      1920-1929        0.014667        0.016259        0.015404        0.023338        0.025624        0.024359
SWE      1930-1939        0.013970        0.015429        0.014650        0.023148        0.025169        0.024060
SWE      1940-1949        0.011834        0.013507        0.012621        0.020598        0.022947        0.021673
SWE      1950-1959        0.009998        0.012122        0.010981        0.018240        0.021372        0.019657
SWE      1960-1969        0.008574        0.011764        0.010008        0.015896        0.020813        0.018057
SWE      1970-1979        0.007154        0.011230        0.008991        0.013233        0.019797        0.016087
SWE      1980-1989        0.006191        0.010238        0.007957        0.011523        0.018291        0.014341
SWE      1990-1999        0.005459        0.008723        0.006858        0.010227        0.015938        0.012553
SWE      2000-2009        0.004830        0.007217        0.005856        0.009137        0.013421        0.010892
SWE      2010-2019        0.004234        0.006016        0.005024        0.008059        0.011279        0.009424
SWE      2020-2024        0.003848        0.005440        0.004563        0.007370        0.010251        0.008620
TWN      1970-1979        0.010083        0.013607        0.011874        0.017789        0.022844        0.020257
TWN      1980-1989        0.008619        0.011810        0.010265        0.015522        0.020089        0.017803
TWN      1990-1999        0.007135        0.010491        0.008832        0.013035        0.017857        0.015431
TWN      2000-2009        0.005521        0.008715        0.007118        0.010108        0.014724        0.012413
TWN      2010-2019        0.004481        0.007599        0.005969        0.008288        0.012998        0.010511
TWN      2020-2023        0.004198        0.007346        0.005662        0.007813        0.012717        0.010042
UKR      1960-1969        0.008483        0.013159        0.010176        0.014697        0.021375        0.017001
UKR      1970-1979        0.008902        0.015082        0.011151        0.015692        0.024427        0.018681
UKR      1980-1989        0.009049        0.015858        0.011576        0.016130        0.025701        0.019415
UKR      1990-1999        0.010080        0.018560        0.013438        0.017988        0.029480        0.022195
UKR      2000-2009        0.009894        0.019179        0.013680        0.017529        0.029914        0.022260
UKR      2010-2013        0.008508        0.015932        0.011484        0.015319        0.025436        0.019161
USA      1933-1939        0.014668        0.018172        0.016409        0.022998        0.027907        0.025394
USA      1940-1949        0.012106        0.016207        0.014101        0.019795        0.025608        0.022568
USA      1950-1959        0.009804        0.014503        0.012025        0.016629        0.023424        0.019769
USA      1960-1969        0.008934        0.014375        0.011400        0.015326        0.023390        0.018872
USA      1970-1979        0.007600        0.013034        0.009952        0.013027        0.021338        0.016469
USA      1980-1989        0.006640        0.011276        0.008591        0.011504        0.018868        0.014430
USA      1990-1999        0.006199        0.009990        0.007803        0.010849        0.016948        0.013271
USA      2000-2009        0.005786        0.008585        0.007002        0.010257        0.014731        0.012095
USA      2010-2019        0.005223        0.007650        0.006316        0.009202        0.012972        0.010831
USA      2020-2023        0.005682        0.008465        0.006978        0.009862        0.014006        0.011730
