Life expectancy at birth (cohort, 1x1) 	Last modified: 05 Aug 2025; Methods Protocol: v6 (2017) 

PopName    Year       Female    Male     Total
CHE        1876        47.06    43.06    45.03
CHE        1877        48.14    44.26    46.18
CHE        1878        48.25    44.20    46.22
CHE        1879        48.68    44.24    46.44
CHE        1880        49.82    45.81    47.81
CHE        1881        51.16    46.93    49.05
CHE        1882        51.88    47.98    49.94
CHE        1883        52.12    48.41    50.26
CHE        1884        52.41    48.26    50.34
CHE        1885        52.39    48.35    50.38
CHE        1886        53.38    48.75    51.10
CHE        1887        53.14    48.46    50.81
CHE        1888        53.95    49.38    51.68
CHE        1889        54.40    49.80    52.14
CHE        1890        54.81    49.46    52.16
CHE        1891        55.93    50.75    53.39
CHE        1892        56.28    51.07    53.71
CHE        1893        56.38    51.29    53.89
CHE        1894        57.09    51.78    54.50
CHE        1895        57.48    51.87    54.70
CHE        1896        58.70    52.90    55.85
CHE        1897        58.53    52.96    55.79
CHE        1898        58.46    52.41    55.50
CHE        1899        59.14    53.15    56.18
CHE        1900        59.63    53.31    56.51
CHE        1901        61.08    54.97    58.08
CHE        1902        61.14    55.05    58.12
CHE        1903        61.29    55.47    58.41
CHE        1904        61.91    55.60    58.78
CHE        1905        63.08    56.39    59.76
CHE        1906        63.52    57.06    60.31
CHE        1907        64.72    57.78    61.26
CHE        1908        65.50    58.24    61.89
CHE        1909        65.12    58.52    61.85
CHE        1910        66.39    59.21    62.80
CHE        1911        66.29    59.09    62.71
CHE        1912        67.73    60.66    64.19
CHE        1913        68.40    61.21    64.80
CHE        1914        69.12    61.79    65.43
CHE        1915        69.57    62.14    65.85
CHE        1916        70.58    62.86    66.66
CHE        1917        70.44    63.04    66.71
CHE        1918        70.56    62.81    66.64
CHE        1919        71.04    63.32    67.16
CHE        1920        72.34    64.45    68.35
CHE        1921        73.35    65.48    69.41
CHE        1922        73.61    66.11    69.87
CHE        1923        74.62    66.79    70.71
CHE        1924        74.87    67.13    71.06
CHE        1925        75.27    67.90    71.64
CHE        1926        75.66    67.92    71.83
CHE        1927        76.06    68.70    72.40
CHE        1928        76.64    69.04    72.88
CHE        1929        77.13    69.64    73.42
CHE        1930        77.45    69.98    73.71
CHE        1931        77.77    70.78    74.28
CHE        1932        77.87    70.99    74.42
DNK        1835        45.38    42.44    43.89
DNK        1836        45.56    42.98    44.25
DNK        1837        45.80    43.26    44.52
DNK        1838        44.99    42.66    43.81
DNK        1839        45.92    43.20    44.55
DNK        1840        45.81    43.28    44.53
DNK        1841        45.79    43.79    44.77
DNK        1842        46.07    43.76    44.91
DNK        1843        46.10    43.76    44.92
DNK        1844        45.77    43.54    44.65
DNK        1845        44.04    41.48    42.74
DNK        1846        43.52    40.87    42.18
DNK        1847        44.45    42.00    43.21
DNK        1848        45.55    42.88    44.20
DNK        1849        45.98    43.70    44.83
DNK        1850        45.74    43.90    44.81
DNK        1851        44.88    42.99    43.93
DNK        1852        44.29    42.05    43.16
DNK        1853        45.51    43.06    44.27
DNK        1854        46.75    45.08    45.91
DNK        1855        47.43    45.62    46.52
DNK        1856        47.05    45.23    46.15
DNK        1857        47.33    45.59    46.46
DNK        1858        48.29    46.29    47.29
DNK        1859        48.90    46.96    47.92
DNK        1860        48.58    46.89    47.75
DNK        1861        48.04    46.44    47.24
DNK        1862        47.58    46.15    46.87
DNK        1863        47.69    45.74    46.71
DNK        1864        47.49    45.62    46.56
DNK        1865        49.16    47.53    48.35
DNK        1866        50.13    48.57    49.35
DNK        1867        50.18    48.45    49.31
DNK        1868        50.49    48.78    49.64
DNK        1869        51.25    49.16    50.21
DNK        1870        51.59    49.65    50.61
DNK        1871        51.29    50.05    50.66
DNK        1872        51.76    50.26    51.01
DNK        1873        51.03    49.35    50.17
DNK        1874        50.32    48.68    49.49
DNK        1875        50.81    49.32    50.06
DNK        1876        51.80    50.43    51.11
DNK        1877        51.94    50.79    51.36
DNK        1878        52.13    50.75    51.43
DNK        1879        51.67    50.12    50.89
DNK        1880        53.01    51.23    52.11
DNK        1881        53.20    51.50    52.34
DNK        1882        53.04    51.30    52.16
DNK        1883        53.56    51.77    52.66
DNK        1884        54.46    52.45    53.45
DNK        1885        54.54    52.59    53.56
DNK        1886        54.00    51.86    52.93
DNK        1887        54.57    52.19    53.38
DNK        1888        54.78    52.30    53.54
DNK        1889        54.68    51.87    53.27
DNK        1890        56.00    53.16    54.58
DNK        1891        56.44    53.17    54.80
DNK        1892        57.08    53.30    55.19
DNK        1893        57.56    54.06    55.82
DNK        1894        58.80    55.16    56.97
DNK        1895        59.75    55.52    57.63
DNK        1896        60.46    56.07    58.28
DNK        1897        60.62    56.06    58.32
DNK        1898        60.60    55.70    58.15
DNK        1899        60.73    55.51    58.12
DNK        1900        61.85    56.74    59.30
DNK        1901        62.43    57.02    59.72
DNK        1902        63.79    58.58    61.18
DNK        1903        63.96    58.68    61.30
DNK        1904        64.17    58.56    61.35
DNK        1905        64.31    58.97    61.61
DNK        1906        65.09    59.18    62.11
DNK        1907        64.80    59.02    61.88
DNK        1908        65.41    59.50    62.44
DNK        1909        66.87    60.77    63.78
DNK        1910        66.91    61.01    63.93
DNK        1911        66.97    61.23    64.06
DNK        1912        68.13    61.96    64.99
DNK        1913        68.10    61.79    64.91
DNK        1914        68.06    61.45    64.71
DNK        1915        67.85    61.53    64.64
DNK        1916        68.19    61.57    64.82
DNK        1917        69.36    62.82    66.05
DNK        1918        68.97    62.84    65.85
DNK        1919        69.43    63.17    66.24
DNK        1920        69.83    63.58    66.68
DNK        1921        70.75    63.91    67.29
DNK        1922        69.97    63.51    66.68
DNK        1923        70.60    63.86    67.18
DNK        1924        70.89    64.25    67.52
DNK        1925        70.88    64.52    67.67
DNK        1926        71.01    64.63    67.78
DNK        1927        71.18    65.28    68.18
DNK        1928        71.41    65.40    68.34
DNK        1929        71.58    65.51    68.49
DNK        1930        71.48    65.62    68.51
DNK        1931        72.56    66.66    69.55
DNK        1932        72.63    66.77    69.66
DNK        1933        73.76    67.88    70.75
ESP        1908        51.30    45.62    48.43
ESP        1909        48.61    42.99    45.74
ESP        1910        48.86    42.23    45.57
ESP        1911        52.66    46.52    49.59
ESP        1912        54.09    47.61    50.89
ESP        1913        53.33    46.86    50.12
ESP        1914        53.86    47.07    50.51
ESP        1915        53.85    46.92    50.42
ESP        1916        54.03    47.05    50.58
ESP        1917        53.80    46.60    50.25
ESP        1918        53.25    46.41    49.89
ESP        1919        54.65    47.81    51.22
ESP        1920        53.14    45.92    49.51
ESP        1921        58.03    51.60    54.74
ESP        1922        59.31    52.87    56.05
ESP        1923        59.90    53.28    56.52
ESP        1924        61.11    54.33    57.66
ESP        1925        61.92    55.26    58.54
ESP        1926        63.07    56.32    59.63
ESP        1927        63.68    56.86    60.21
ESP        1928        64.40    57.80    61.04
ESP        1929        63.82    56.90    60.29
ESP        1930        63.66    56.42    59.97
ESP        1931        66.43    59.35    62.81
ESP        1932        67.36    60.21    63.71
FIN        1878        44.91    40.13    42.49
FIN        1879        44.70    39.54    42.11
FIN        1880        43.98    38.66    41.30
FIN        1881        44.59    39.66    42.11
FIN        1882        45.73    40.15    42.92
FIN        1883        46.20    40.65    43.42
FIN        1884        45.61    40.32    42.97
FIN        1885        46.38    41.18    43.79
FIN        1886        47.47    41.58    44.52
FIN        1887        46.97    41.02    43.99
FIN        1888        46.69    40.94    43.83
FIN        1889        47.09    40.98    44.01
FIN        1890        47.53    41.13    44.30
FIN        1891        47.66    41.33    44.48
FIN        1892        48.65    42.35    45.48
FIN        1893        50.25    43.62    46.90
FIN        1894        50.74    43.52    47.10
FIN        1895        50.04    42.90    46.42
FIN        1896        49.84    42.04    45.89
FIN        1897        50.05    42.27    46.09
FIN        1898        49.92    41.99    45.91
FIN        1899        50.08    42.06    46.01
FIN        1900        50.72    42.96    46.76
FIN        1901        51.87    44.01    47.86
FIN        1902        53.05    45.05    48.98
FIN        1903        53.61    45.56    49.48
FIN        1904        53.70    45.18    49.35
FIN        1905        54.22    45.87    49.98
FIN        1906        55.58    46.59    50.99
FIN        1907        56.15    46.97    51.45
FIN        1908        56.50    47.03    51.63
FIN        1909        56.67    47.49    51.96
FIN        1910        57.08    47.63    52.24
FIN        1911        58.31    47.73    52.82
FIN        1912        58.37    47.65    52.85
FIN        1913        58.58    47.31    52.77
FIN        1914        58.88    47.47    53.03
FIN        1915        58.98    46.99    52.83
FIN        1916        58.92    46.57    52.60
FIN        1917        59.99    46.81    53.20
FIN        1918        60.24    46.89    53.38
FIN        1919        63.77    50.35    56.85
FIN        1920        64.46    50.23    57.16
FIN        1921        65.19    51.15    58.01
FIN        1922        65.29    51.31    58.12
FIN        1923        66.09    52.80    59.23
FIN        1924        67.53    55.19    61.16
FIN        1925        68.41    57.08    62.57
FIN        1926        67.99    57.98    62.81
FIN        1927        68.93    58.69    63.62
FIN        1928        69.22    59.39    64.12
FIN        1929        71.08    60.61    65.67
FIN        1930        71.93    61.88    66.72
FIN        1931        72.41    63.19    67.59
FIN        1932        72.59    63.73    68.02
FIN        1933        72.98    64.45    68.57
FRACNP     1816        39.83    37.61    38.69
FRACNP     1817        39.71    37.42    38.53
FRACNP     1818        39.98    37.58    38.74
FRACNP     1819        39.55    37.12    38.30
FRACNP     1820        40.90    38.65    39.74
FRACNP     1821        39.31    37.08    38.16
FRACNP     1822        39.07    37.03    38.02
FRACNP     1823        39.19    37.18    38.16
FRACNP     1824        38.86    36.85    37.82
FRACNP     1825        40.11    38.35    39.21
FRACNP     1826        39.25    37.20    38.20
FRACNP     1827        39.63    37.38    38.47
FRACNP     1828        39.89    37.51    38.67
FRACNP     1829        40.36    37.87    39.08
FRACNP     1830        41.29    39.01    40.12
FRACNP     1831        40.00    37.61    38.76
FRACNP     1832        40.52    38.02    39.23
FRACNP     1833        39.98    37.35    38.62
FRACNP     1834        40.18    37.59    38.85
FRACNP     1835        41.96    39.72    40.81
FRACNP     1836        41.38    39.06    40.19
FRACNP     1837        41.50    39.38    40.41
FRACNP     1838        41.66    39.60    40.61
FRACNP     1839        42.00    39.80    40.87
FRACNP     1840        43.07    40.98    42.00
FRACNP     1841        42.12    39.82    40.94
FRACNP     1842        42.29    39.91    41.07
FRACNP     1843        42.49    40.12    41.27
FRACNP     1844        43.03    40.36    41.67
FRACNP     1845        43.19    40.51    41.82
FRACNP     1846        42.08    38.96    40.48
FRACNP     1847        42.25    38.99    40.58
FRACNP     1848        42.34    38.65    40.47
FRACNP     1849        42.13    38.74    40.39
FRACNP     1850        43.79    40.46    42.09
FRACNP     1851        42.90    39.36    41.08
FRACNP     1852        43.30    39.78    41.50
FRACNP     1853        42.88    39.53    41.15
FRACNP     1854        42.53    39.09    40.77
FRACNP     1855        43.99    40.72    42.31
FRACNP     1856        42.58    39.39    40.95
FRACNP     1857        42.42    39.19    40.77
FRACNP     1858        42.17    38.82    40.46
FRACNP     1859        42.86    39.69    41.23
FRACNP     1860        45.75    42.45    44.07
FRACNP     1861        43.85    40.41    42.08
FRACNP     1862        44.36    40.78    42.53
FRACNP     1863        43.83    40.26    42.01
FRACNP     1864        43.69    40.13    41.87
FRACNP     1865        45.15    41.81    43.45
FRACNP     1866        45.26    41.27    43.22
FRACNP     1867        44.45    40.09    42.22
FRACNP     1868        44.52    39.71    42.09
FRACNP     1869        44.16    39.01    41.63
FRACNP     1870        44.86    39.94    42.46
FRACNP     1871        44.83    40.21    42.65
FRACNP     1872        46.15    41.32    43.95
FRACNP     1873        46.62    41.86    44.47
FRACNP     1874        47.33    42.32    45.07
FRACNP     1875        48.59    43.79    46.42
FRACNP     1876        48.05    42.59    45.60
FRACNP     1877        48.09    42.35    45.57
FRACNP     1878        48.24    42.31    45.61
FRACNP     1879        47.87    42.02    45.29
FRACNP     1880        49.23    43.50    46.70
FRACNP     1881        48.61    42.24    45.78
FRACNP     1882        49.15    42.52    46.24
FRACNP     1883        49.05    42.55    46.18
FRACNP     1884        49.21    42.70    46.36
FRACNP     1885        51.03    44.23    48.07
FRACNP     1886        50.14    43.23    47.15
FRACNP     1887        50.43    43.19    47.32
FRACNP     1888        50.91    43.84    47.82
FRACNP     1889        50.95    43.66    47.80
FRACNP     1890        52.55    45.09    49.36
FRACNP     1891        51.47    43.52    48.14
FRACNP     1892        51.59    43.56    48.19
FRACNP     1893        52.66    44.33    49.17
FRACNP     1894        53.19    45.06    49.69
FRACNP     1895        54.69    46.56    51.22
FRACNP     1896        54.89    45.61    51.11
FRACNP     1897        54.49    44.39    50.65
FRACNP     1898        54.12    43.92    50.01
FRACNP     1899        54.78    45.63    50.66
FRACNP     1900        55.99    48.33    52.05
FRACNP     1901        57.01    49.55    53.16
FRACNP     1902        57.58    50.40    53.88
FRACNP     1903        57.79    50.44    54.01
FRACNP     1904        58.07    50.61    54.24
FRACNP     1905        58.92    51.44    55.08
FRACNP     1906        59.69    52.48    56.01
FRACNP     1907        60.23    52.77    56.43
FRACNP     1908        60.53    52.99    56.70
FRACNP     1909        61.76    54.02    57.84
FRACNP     1910        61.77    53.93    57.80
FRACNP     1911        60.64    52.87    56.72
FRACNP     1912        63.47    55.51    59.45
FRACNP     1913        63.38    55.66    59.50
FRACNP     1914        63.91    55.51    59.72
FRACNP     1915        63.42    55.09    59.28
FRACNP     1916        62.77    54.24    58.52
FRACNP     1917        63.25    53.92    58.74
FRACNP     1918        63.61    54.05    58.98
FRACNP     1919        65.00    55.55    60.32
FRACNP     1920        68.08    59.21    63.56
FRACNP     1921        68.15    59.11    63.57
FRACNP     1922        69.82    60.51    65.10
FRACNP     1923        69.86    60.32    65.02
FRACNP     1924        70.65    61.07    65.78
FRACNP     1925        70.99    61.45    66.10
FRACNP     1926        70.91    61.38    66.01
FRACNP     1927        71.92    62.61    67.14
FRACNP     1928        71.89    62.29    66.94
FRACNP     1929        72.66    63.31    67.84
FRACNP     1930        73.73    64.26    68.85
FRACNP     1931        74.49    64.99    69.60
FRACNP     1932        74.82    65.36    69.95
FRATNP     1816        39.83    37.61    38.69
FRATNP     1817        39.71    37.42    38.53
FRATNP     1818        39.98    37.58    38.74
FRATNP     1819        39.55    37.12    38.30
FRATNP     1820        40.90    38.65    39.74
FRATNP     1821        39.31    37.08    38.16
FRATNP     1822        39.07    37.03    38.02
FRATNP     1823        39.19    37.18    38.16
FRATNP     1824        38.86    36.85    37.82
FRATNP     1825        40.11    38.35    39.21
FRATNP     1826        39.25    37.20    38.20
FRATNP     1827        39.63    37.38    38.47
FRATNP     1828        39.89    37.51    38.67
FRATNP     1829        40.36    37.87    39.08
FRATNP     1830        41.29    39.01    40.12
FRATNP     1831        40.00    37.61    38.76
FRATNP     1832        40.52    38.02    39.23
FRATNP     1833        39.98    37.35    38.62
FRATNP     1834        40.18    37.59    38.85
FRATNP     1835        41.96    39.72    40.81
FRATNP     1836        41.38    39.06    40.19
FRATNP     1837        41.50    39.38    40.41
FRATNP     1838        41.66    39.60    40.61
FRATNP     1839        42.00    39.80    40.87
FRATNP     1840        43.07    40.97    42.00
FRATNP     1841        42.12    39.82    40.94
FRATNP     1842        42.29    39.91    41.07
FRATNP     1843        42.49    40.12    41.27
FRATNP     1844        43.03    40.36    41.67
FRATNP     1845        43.19    40.51    41.82
FRATNP     1846        42.08    38.96    40.48
FRATNP     1847        42.25    38.99    40.58
FRATNP     1848        42.34    38.65    40.47
FRATNP     1849        42.13    38.74    40.39
FRATNP     1850        43.79    40.46    42.09
FRATNP     1851        42.90    39.36    41.08
FRATNP     1852        43.30    39.78    41.50
FRATNP     1853        42.88    39.53    41.15
FRATNP     1854        42.53    39.09    40.77
FRATNP     1855        43.99    40.72    42.32
FRATNP     1856        42.58    39.39    40.95
FRATNP     1857        42.42    39.19    40.77
FRATNP     1858        42.17    38.82    40.46
FRATNP     1859        42.86    39.69    41.23
FRATNP     1860        45.74    42.45    44.06
FRATNP     1861        43.85    40.41    42.08
FRATNP     1862        44.36    40.78    42.53
FRATNP     1863        43.83    40.26    42.01
FRATNP     1864        43.69    40.13    41.87
FRATNP     1865        45.15    41.79    43.44
FRATNP     1866        45.26    41.27    43.22
FRATNP     1867        44.45    40.17    42.25
FRATNP     1868        44.52    39.87    42.13
FRATNP     1869        44.17    39.34    41.68
FRATNP     1870        44.86    40.18    42.47
FRATNP     1871        44.83    40.57    42.64
FRATNP     1872        46.15    41.95    43.99
FRATNP     1873        46.62    42.24    44.37
FRATNP     1874        47.33    42.64    44.91
FRATNP     1875        48.59    43.93    46.21
FRATNP     1876        48.05    42.75    45.33
FRATNP     1877        48.09    42.42    45.17
FRATNP     1878        48.24    41.93    45.01
FRATNP     1879        47.87    41.30    44.49
FRATNP     1880        49.23    41.84    45.49
FRATNP     1881        48.60    40.25    44.28
FRATNP     1882        49.13    40.15    44.53
FRATNP     1883        49.03    39.88    44.31
FRATNP     1884        49.19    39.81    44.39
FRATNP     1885        51.01    41.18    45.97
FRATNP     1886        50.12    39.98    44.96
FRATNP     1887        50.40    39.59    44.89
FRATNP     1888        50.88    39.56    45.09
FRATNP     1889        50.92    38.97    44.76
FRATNP     1890        52.52    39.65    45.99
FRATNP     1891        51.43    38.18    44.60
FRATNP     1892        51.56    37.15    44.12
FRATNP     1893        52.62    38.69    45.44
FRATNP     1894        53.14    37.52    45.02
FRATNP     1895        54.64    38.69    46.31
FRATNP     1896        54.83    39.74    46.83
FRATNP     1897        54.42    43.96    49.06
FRATNP     1898        54.04    44.17    48.96
FRATNP     1899        54.69    46.73    50.58
FRATNP     1900        55.89    48.12    51.87
FRATNP     1901        56.89    49.23    52.92
FRATNP     1902        57.45    50.00    53.59
FRATNP     1903        57.64    50.02    53.70
FRATNP     1904        57.92    50.09    53.87
FRATNP     1905        58.75    50.90    54.68
FRATNP     1906        59.49    51.85    55.55
FRATNP     1907        60.01    52.07    55.91
FRATNP     1908        60.30    52.26    56.16
FRATNP     1909        61.52    53.21    57.24
FRATNP     1910        61.52    53.05    57.16
FRATNP     1911        60.38    51.90    56.02
FRATNP     1912        63.20    54.57    58.76
FRATNP     1913        62.98    54.36    58.55
FRATNP     1914        63.50    54.12    58.69
FRATNP     1915        62.72    53.11    57.74
FRATNP     1916        61.88    52.00    56.76
FRATNP     1917        62.22    51.43    56.60
FRATNP     1918        62.66    51.74    56.95
FRATNP     1919        63.89    52.63    57.99
FRATNP     1920        67.24    57.26    62.08
FRATNP     1921        67.34    57.51    62.29
FRATNP     1922        69.03    59.14    63.95
FRATNP     1923        69.14    59.10    63.98
FRATNP     1924        70.14    60.12    65.00
FRATNP     1925        70.78    61.11    65.82
FRATNP     1926        70.78    61.27    65.90
FRATNP     1927        71.78    62.50    67.01
FRATNP     1928        71.75    62.17    66.81
FRATNP     1929        72.55    63.21    67.74
FRATNP     1930        73.63    64.17    68.75
FRATNP     1931        74.38    64.90    69.50
FRATNP     1932        74.71    65.26    69.84
GBR_SCO    1855        45.15    42.81    43.97
GBR_SCO    1856        44.30    42.11    43.20
GBR_SCO    1857        44.73    42.43    43.58
GBR_SCO    1858        45.20    42.66    43.93
GBR_SCO    1859        44.14    41.77    42.95
GBR_SCO    1860        44.08    41.36    42.71
GBR_SCO    1861        44.61    41.91    43.25
GBR_SCO    1862        45.21    42.48    43.83
GBR_SCO    1863        45.53    42.85    44.18
GBR_SCO    1864        45.61    42.98    44.29
GBR_SCO    1865        46.22    43.37    44.79
GBR_SCO    1866        46.36    43.78    45.06
GBR_SCO    1867        46.59    44.08    45.33
GBR_SCO    1868        46.52    44.02    45.26
GBR_SCO    1869        46.36    43.60    44.96
GBR_SCO    1870        46.34    43.68    45.00
GBR_SCO    1871        46.97    44.16    45.54
GBR_SCO    1872        47.92    45.10    46.48
GBR_SCO    1873        48.61    45.62    47.09
GBR_SCO    1874        48.75    45.68    47.19
GBR_SCO    1875        49.30    46.18    47.73
GBR_SCO    1876        49.81    46.77    48.29
GBR_SCO    1877        50.15    47.18    48.67
GBR_SCO    1878        50.68    47.60    49.14
GBR_SCO    1879        50.57    47.68    49.14
GBR_SCO    1880        50.93    47.79    49.38
GBR_SCO    1881        51.39    48.20    49.82
GBR_SCO    1882        51.83    48.43    50.17
GBR_SCO    1883        52.29    48.45    50.42
GBR_SCO    1884        52.30    48.35    50.37
GBR_SCO    1885        52.67    48.77    50.78
GBR_SCO    1886        52.64    48.65    50.71
GBR_SCO    1887        53.10    48.87    51.06
GBR_SCO    1888        53.29    48.85    51.15
GBR_SCO    1889        52.52    47.88    50.27
GBR_SCO    1890        52.72    48.06    50.47
GBR_SCO    1891        53.33    48.42    50.95
GBR_SCO    1892        54.12    49.22    51.76
GBR_SCO    1893        54.31    49.21    51.87
GBR_SCO    1894        55.05    49.66    52.46
GBR_SCO    1895        55.23    49.58    52.51
GBR_SCO    1896        55.21    49.45    52.44
GBR_SCO    1897        54.79    49.05    52.04
GBR_SCO    1898        55.31    49.40    52.46
GBR_SCO    1899        55.81    49.72    52.83
GBR_SCO    1900        56.47    50.21    53.37
GBR_SCO    1901        57.53    51.01    54.28
GBR_SCO    1902        58.29    51.76    55.03
GBR_SCO    1903        57.96    51.53    54.75
GBR_SCO    1904        58.38    51.80    55.09
GBR_SCO    1905        58.94    52.32    55.64
GBR_SCO    1906        58.97    52.64    55.82
GBR_SCO    1907        59.51    53.07    56.31
GBR_SCO    1908        59.81    53.22    56.53
GBR_SCO    1909        60.33    53.78    57.07
GBR_SCO    1910        60.34    53.86    57.13
GBR_SCO    1911        60.61    54.16    57.41
GBR_SCO    1912        60.59    53.89    57.26
GBR_SCO    1913        60.56    54.04    57.34
GBR_SCO    1914        59.82    53.42    56.68
GBR_SCO    1915        61.12    54.51    57.90
GBR_SCO    1916        61.47    54.79    58.26
GBR_SCO    1917        62.46    55.28    59.11
GBR_SCO    1918        61.38    53.60    57.90
GBR_SCO    1919        63.84    55.34    60.17
GBR_SCO    1920        62.96    54.62    59.25
GBR_SCO    1921        64.69    57.06    61.02
GBR_SCO    1922        65.02    57.88    61.50
GBR_SCO    1923        65.28    58.16    61.76
GBR_SCO    1924        65.52    58.48    62.00
GBR_SCO    1925        66.36    59.49    62.89
GBR_SCO    1926        66.71    60.16    63.41
GBR_SCO    1927        67.06    60.62    63.82
GBR_SCO    1928        67.20    60.93    64.03
GBR_SCO    1929        68.13    62.06    65.08
GBR_SCO    1930        68.31    62.33    65.31
GBR_SCO    1931        69.24    63.14    66.17
GBRCENW    1841        43.20    40.01    41.59
GBRCENW    1842        43.00    39.88    41.42
GBRCENW    1843        42.98    39.65    41.29
GBRCENW    1844        42.79    39.41    41.08
GBRCENW    1845        42.69    39.28    40.97
GBRCENW    1846        42.26    38.89    40.56
GBRCENW    1847        43.59    40.05    41.80
GBRCENW    1848        43.63    40.05    41.81
GBRCENW    1849        43.79    40.34    42.04
GBRCENW    1850        44.96    41.50    43.22
GBRCENW    1851        44.04    40.46    42.22
GBRCENW    1852        44.04    40.59    42.30
GBRCENW    1853        44.29    40.84    42.54
GBRCENW    1854        44.65    41.27    42.94
GBRCENW    1855        45.30    41.79    43.53
GBRCENW    1856        45.20    41.71    43.44
GBRCENW    1857        45.09    41.42    43.23
GBRCENW    1858        45.54    41.78    43.64
GBRCENW    1859        45.21    41.48    43.32
GBRCENW    1860        46.72    42.99    44.83
GBRCENW    1861        46.66    42.79    44.70
GBRCENW    1862        47.23    43.33    45.26
GBRCENW    1863        47.08    43.16    45.10
GBRCENW    1864        46.82    42.96    44.87
GBRCENW    1865        47.08    43.15    45.10
GBRCENW    1866        47.58    43.51    45.53
GBRCENW    1867        47.86    43.73    45.78
GBRCENW    1868        48.08    44.05    46.06
GBRCENW    1869        48.59    44.37    46.46
GBRCENW    1870        49.73    45.48    47.58
GBRCENW    1871        49.91    45.59    47.74
GBRCENW    1872        50.38    45.97    48.16
GBRCENW    1873        50.42    45.86    48.13
GBRCENW    1874        50.28    45.63    47.94
GBRCENW    1875        50.87    45.93    48.39
GBRCENW    1876        51.33    46.32    48.83
GBRCENW    1877        51.59    46.37    48.99
GBRCENW    1878        51.83    46.43    49.15
GBRCENW    1879        52.44    46.96    49.73
GBRCENW    1880        53.71    48.23    51.02
GBRCENW    1881        53.91    48.33    51.17
GBRCENW    1882        53.93    48.19    51.13
GBRCENW    1883        53.81    47.83    50.90
GBRCENW    1884        53.78    47.62    50.80
GBRCENW    1885        54.21    47.84    51.14
GBRCENW    1886        54.11    47.60    51.01
GBRCENW    1887        54.60    47.90    51.46
GBRCENW    1888        54.57    47.75    51.42
GBRCENW    1889        54.20    47.20    51.00
GBRCENW    1890        55.02    47.99    51.85
GBRCENW    1891        54.75    47.42    51.44
GBRCENW    1892        55.29    47.93    51.99
GBRCENW    1893        55.35    47.99    52.07
GBRCENW    1894        55.77    48.30    52.44
GBRCENW    1895        55.37    47.91    52.01
GBRCENW    1896        55.98    48.63    52.62
GBRCENW    1897        55.74    48.50    52.34
GBRCENW    1898        55.94    48.84    52.54
GBRCENW    1899        56.33    49.38    52.91
GBRCENW    1900        57.56    50.87    54.22
GBRCENW    1901        58.19    51.36    54.74
GBRCENW    1902        59.25    52.53    55.85
GBRCENW    1903        59.15    52.50    55.79
GBRCENW    1904        59.55    52.84    56.17
GBRCENW    1905        60.44    53.70    57.04
GBRCENW    1906        60.95    54.23    57.56
GBRCENW    1907        61.93    55.11    58.49
GBRCENW    1908        62.06    55.31    58.66
GBRCENW    1909        62.52    55.83    59.16
GBRCENW    1910        62.00    55.31    58.64
GBRCENW    1911        62.75    56.05    59.39
GBRCENW    1912        64.03    57.24    60.63
GBRCENW    1913        63.49    56.68    60.09
GBRCENW    1914        63.67    56.88    60.29
GBRCENW    1915        64.76    57.92    61.36
GBRCENW    1916        65.05    58.07    61.64
GBRCENW    1917        66.46    59.20    63.03
GBRCENW    1918        65.80    58.38    62.30
GBRCENW    1919        68.66    61.73    65.28
GBRCENW    1920        66.79    59.95    63.39
GBRCENW    1921        68.63    61.81    65.26
GBRCENW    1922        69.41    62.60    66.06
GBRCENW    1923        69.59    62.85    66.26
GBRCENW    1924        69.73    63.11    66.43
GBRCENW    1925        70.17    63.78    66.94
GBRCENW    1926        70.63    64.44    67.49
GBRCENW    1927        71.28    65.22    68.20
GBRCENW    1928        71.53    65.44    68.43
GBRCENW    1929        72.24    66.25    69.20
GBRCENW    1930        72.91    66.91    69.86
GBRCENW    1931        73.32    67.32    70.26
GBRTENW    1841        43.19    40.00    41.59
GBRTENW    1842        43.00    39.87    41.42
GBRTENW    1843        42.98    39.65    41.30
GBRTENW    1844        42.80    39.41    41.08
GBRTENW    1845        42.69    39.28    40.97
GBRTENW    1846        42.26    38.89    40.56
GBRTENW    1847        43.59    40.05    41.80
GBRTENW    1848        43.64    40.05    41.82
GBRTENW    1849        43.79    40.34    42.04
GBRTENW    1850        44.96    41.49    43.21
GBRTENW    1851        44.03    40.45    42.22
GBRTENW    1852        44.04    40.60    42.30
GBRTENW    1853        44.29    40.84    42.54
GBRTENW    1854        44.65    41.27    42.94
GBRTENW    1855        45.30    41.79    43.53
GBRTENW    1856        45.20    41.71    43.44
GBRTENW    1857        45.09    41.42    43.23
GBRTENW    1858        45.54    41.78    43.64
GBRTENW    1859        45.21    41.48    43.32
GBRTENW    1860        46.72    42.98    44.83
GBRTENW    1861        46.66    42.78    44.70
GBRTENW    1862        47.23    43.33    45.26
GBRTENW    1863        47.09    43.16    45.10
GBRTENW    1864        46.82    42.96    44.87
GBRTENW    1865        47.08    43.15    45.10
GBRTENW    1866        47.58    43.51    45.53
GBRTENW    1867        47.87    43.73    45.78
GBRTENW    1868        48.09    44.05    46.05
GBRTENW    1869        48.59    44.36    46.45
GBRTENW    1870        49.73    45.47    47.58
GBRTENW    1871        49.91    45.58    47.73
GBRTENW    1872        50.38    45.94    48.14
GBRTENW    1873        50.42    45.80    48.09
GBRTENW    1874        50.28    45.55    47.89
GBRTENW    1875        50.88    45.80    48.31
GBRTENW    1876        51.33    46.14    48.72
GBRTENW    1877        51.59    46.13    48.85
GBRTENW    1878        51.83    46.13    48.97
GBRTENW    1879        52.44    46.58    49.50
GBRTENW    1880        53.71    47.76    50.75
GBRTENW    1881        53.91    47.76    50.84
GBRTENW    1882        53.93    47.50    50.73
GBRTENW    1883        53.81    47.00    50.41
GBRTENW    1884        53.78    46.64    50.21
GBRTENW    1885        54.21    46.65    50.43
GBRTENW    1886        54.11    46.21    50.17
GBRTENW    1887        54.60    46.27    50.46
GBRTENW    1888        54.58    45.90    50.26
GBRTENW    1889        54.19    45.14    49.68
GBRTENW    1890        55.02    45.62    50.33
GBRTENW    1891        54.75    44.85    49.78
GBRTENW    1892        55.30    45.04    50.14
GBRTENW    1893        55.35    44.84    50.05
GBRTENW    1894        55.77    44.82    50.24
GBRTENW    1895        55.37    44.28    49.74
GBRTENW    1896        55.99    44.85    50.33
GBRTENW    1897        55.74    44.95    50.25
GBRTENW    1898        55.94    45.90    50.83
GBRTENW    1899        56.33    47.46    51.82
GBRTENW    1900        57.56    50.01    53.74
GBRTENW    1901        58.19    51.17    54.63
GBRTENW    1902        59.25    52.47    55.81
GBRTENW    1903        59.15    52.43    55.75
GBRTENW    1904        59.55    52.77    56.11
GBRTENW    1905        60.44    53.60    56.97
GBRTENW    1906        60.95    54.09    57.47
GBRTENW    1907        61.93    54.93    58.38
GBRTENW    1908        62.07    55.10    58.53
GBRTENW    1909        62.52    55.57    58.99
GBRTENW    1910        62.00    55.00    58.44
GBRTENW    1911        62.75    55.68    59.15
GBRTENW    1912        64.04    56.81    60.36
GBRTENW    1913        63.50    56.20    59.79
GBRTENW    1914        63.68    56.34    59.95
GBRTENW    1915        64.76    57.29    60.96
GBRTENW    1916        65.07    57.31    61.10
GBRTENW    1917        66.47    58.29    62.29
GBRTENW    1918        65.81    57.44    61.52
GBRTENW    1919        68.66    60.43    64.45
GBRTENW    1920        66.90    59.00    62.83
GBRTENW    1921        68.67    60.46    64.47
GBRTENW    1922        69.45    61.05    65.15
GBRTENW    1923        69.62    61.21    65.31
GBRTENW    1924        69.76    61.51    65.52
GBRTENW    1925        70.18    62.28    66.12
GBRTENW    1926        70.63    63.21    66.82
GBRTENW    1927        71.27    64.47    67.79
GBRTENW    1928        71.52    65.23    68.31
GBRTENW    1929        72.24    66.26    69.20
GBRTENW    1930        72.92    66.92    69.87
GBRTENW    1931        73.32    67.31    70.26
ISL        1838        32.75    29.52    31.15
ISL        1839        34.78    31.13    32.96
ISL        1840        40.33    35.27    37.72
ISL        1841        43.57    36.97    40.30
ISL        1842        41.77    33.40    37.49
ISL        1843        38.44    31.06    34.67
ISL        1844        41.77    35.20    38.49
ISL        1845        29.03    24.93    26.90
ISL        1846        23.30    19.14    21.10
ISL        1847        33.99    28.47    31.11
ISL        1848        41.67    31.91    36.82
ISL        1849        39.53    35.07    37.30
ISL        1850        40.30    33.25    36.74
ISL        1851        42.92    38.04    40.43
ISL        1852        42.64    38.68    40.68
ISL        1853        41.64    36.63    39.20
ISL        1854        39.69    33.93    36.72
ISL        1855        38.93    32.01    35.35
ISL        1856        38.27    32.70    35.47
ISL        1857        38.58    33.96    36.27
ISL        1858        36.11    32.20    34.16
ISL        1859        34.37    30.26    32.29
ISL        1860        38.54    30.69    34.55
ISL        1861        37.99    31.70    34.79
ISL        1862        40.68    36.29    38.49
ISL        1863        44.49    38.71    41.54
ISL        1864        44.17    38.51    41.32
ISL        1865        43.25    37.19    40.07
ISL        1866        41.80    36.30    38.98
ISL        1867        42.75    35.95    39.32
ISL        1868        39.55    33.75    36.66
ISL        1869        40.02    34.29    37.06
ISL        1870        42.09    36.20    39.09
ISL        1871        36.80    32.51    34.64
ISL        1872        39.21    35.75    37.50
ISL        1873        48.52    40.53    44.45
ISL        1874        49.41    41.05    45.16
ISL        1875        48.59    41.03    44.79
ISL        1876        47.57    41.78    44.66
ISL        1877        47.93    43.73    45.88
ISL        1878        46.77    42.48    44.64
ISL        1879        46.24    42.26    44.26
ISL        1880        42.61    37.11    39.86
ISL        1881        36.03    30.80    33.38
ISL        1882        36.65    31.54    34.05
ISL        1883        48.02    44.53    46.22
ISL        1884        53.31    48.92    51.05
ISL        1885        53.78    48.20    50.94
ISL        1886        52.96    48.17    50.53
ISL        1887        52.95    48.24    50.55
ISL        1888        54.84    50.79    52.77
ISL        1889        52.08    47.06    49.49
ISL        1890        50.79    45.72    48.19
ISL        1891        58.47    54.26    56.35
ISL        1892        61.06    55.22    58.07
ISL        1893        59.49    54.01    56.64
ISL        1894        58.07    53.02    55.49
ISL        1895        57.08    52.59    54.90
ISL        1896        57.02    54.33    55.65
ISL        1897        55.45    52.26    53.83
ISL        1898        57.50    53.71    55.59
ISL        1899        59.97    54.91    57.39
ISL        1900        60.27    54.28    57.29
ISL        1901        59.09    53.69    56.29
ISL        1902        57.72    54.00    55.80
ISL        1903        60.74    56.66    58.58
ISL        1904        62.94    57.42    60.02
ISL        1905        62.02    55.24    58.49
ISL        1906        62.65    55.74    58.92
ISL        1907        58.61    52.98    55.73
ISL        1908        59.25    53.85    56.47
ISL        1909        62.11    56.74    59.28
ISL        1910        64.07    58.45    61.07
ISL        1911        65.85    59.90    62.86
ISL        1912        66.80    60.09    63.35
ISL        1913        67.45    59.52    63.33
ISL        1914        66.84    59.20    62.90
ISL        1915        67.20    60.76    63.86
ISL        1916        69.16    60.82    64.72
ISL        1917        70.37    62.07    66.05
ISL        1918        69.20    62.69    65.84
ISL        1919        67.19    61.59    64.29
ISL        1920        68.60    63.44    65.90
ISL        1921        72.05    65.25    68.47
ISL        1922        72.25    65.56    68.87
ISL        1923        73.14    65.89    69.40
ISL        1924        73.26    67.15    70.07
ISL        1925        73.94    67.67    70.61
ISL        1926        73.84    66.77    70.23
ISL        1927        73.20    67.38    70.17
ISL        1928        75.93    69.34    72.46
ISL        1929        75.86    70.06    72.86
ISL        1930        76.08    70.96    73.50
ISL        1931        75.84    70.47    73.01
ISL        1932        76.26    70.77    73.41
ITA        1872        36.73    35.56    36.13
ITA        1873        37.11    35.96    36.53
ITA        1874        37.24    35.65    36.43
ITA        1875        38.29    36.89    37.58
ITA        1876        38.98    37.62    38.29
ITA        1877        39.13    37.62    38.37
ITA        1878        39.44    37.97    38.70
ITA        1879        38.94    37.39    38.16
ITA        1880        38.16    36.23    37.20
ITA        1881        36.78    34.57    35.67
ITA        1882        39.88    37.44    38.67
ITA        1883        40.78    38.21    39.51
ITA        1884        41.70    38.89    40.32
ITA        1885        41.89    38.58    40.27
ITA        1886        42.09    38.48    40.32
ITA        1887        42.62    38.74    40.72
ITA        1888        43.58    39.08    41.36
ITA        1889        43.74    38.69    41.24
ITA        1890        44.24    38.58    41.42
ITA        1891        44.58    38.34    41.47
ITA        1892        45.37    38.16    41.75
ITA        1893        45.98    38.14    42.01
ITA        1894        46.42    37.91    42.09
ITA        1895        47.01    38.16    42.50
ITA        1896        47.94    39.46    43.62
ITA        1897        48.35    40.90    44.56
ITA        1898        48.73    42.58    45.63
ITA        1899        48.84    43.87    46.35
ITA        1900        49.57    45.07    47.32
ITA        1901        49.97    45.79    47.89
ITA        1902        50.35    46.11    48.23
ITA        1903        51.66    47.26    49.47
ITA        1904        51.77    47.28    49.53
ITA        1905        51.85    47.35    49.60
ITA        1906        52.65    47.86    50.24
ITA        1907        53.03    48.07    50.54
ITA        1908        53.01    47.88    50.42
ITA        1909        54.57    49.43    51.98
ITA        1910        54.54    49.35    51.94
ITA        1911        55.83    50.02    52.93
ITA        1912        56.93    50.93    53.92
ITA        1913        56.80    50.72    53.77
ITA        1914        56.01    49.76    52.88
ITA        1915        55.28    49.15    52.20
ITA        1916        55.72    49.18    52.42
ITA        1917        55.76    48.55    52.10
ITA        1918        55.55    47.40    51.41
ITA        1919        60.27    51.25    55.66
ITA        1920        60.25    51.46    55.78
ITA        1921        61.65    52.43    56.97
ITA        1922        63.12    54.03    58.52
ITA        1923        63.52    54.66    59.00
ITA        1924        63.78    55.16    59.38
ITA        1925        64.31    56.44    60.32
ITA        1926        64.93    57.62    61.24
ITA        1927        65.75    58.60    62.13
ITA        1928        65.91    58.87    62.35
ITA        1929        67.12    60.32    63.69
ITA        1930        67.81    60.99    64.37
ITA        1931        68.50    61.48    64.96
NLD        1850        42.05    40.23    41.12
NLD        1851        41.63    39.55    40.57
NLD        1852        41.15    38.82    39.96
NLD        1853        41.32    39.42    40.35
NLD        1854        41.08    39.00    40.02
NLD        1855        40.78    38.97    39.85
NLD        1856        41.26    39.26    40.23
NLD        1857        39.69    37.57    38.61
NLD        1858        40.09    38.06    39.05
NLD        1859        40.88    38.76    39.80
NLD        1860        42.52    40.53    41.50
NLD        1861        42.46    39.94    41.17
NLD        1862        43.04    41.31    42.15
NLD        1863        43.63    41.19    42.37
NLD        1864        43.51    41.10    42.28
NLD        1865        42.91    40.45    41.66
NLD        1866        44.34    41.98    43.14
NLD        1867        44.09    41.95    42.99
NLD        1868        43.83    41.09    42.43
NLD        1869        44.81    42.38    43.57
NLD        1870        43.83    41.47    42.62
NLD        1871        44.45    41.91    43.16
NLD        1872        45.94    43.60    44.75
NLD        1873        47.00    44.50    45.72
NLD        1874        46.54    44.11    45.30
NLD        1875        46.60    43.73    45.12
NLD        1876        47.16    44.67    45.88
NLD        1877        47.65    45.29    46.44
NLD        1878        48.03    45.26    46.60
NLD        1879        48.21    45.19    46.66
NLD        1880        47.91    45.04    46.44
NLD        1881        49.13    46.29    47.67
NLD        1882        49.51    46.71    48.08
NLD        1883        49.35    46.39    47.84
NLD        1884        49.80    46.88    48.31
NLD        1885        51.28    48.24    49.72
NLD        1886        51.29    47.90    49.56
NLD        1887        51.97    49.25    50.59
NLD        1888        52.13    49.25    50.66
NLD        1889        52.40    48.83    50.58
NLD        1890        53.07    49.22    51.11
NLD        1891        54.04    50.11    52.04
NLD        1892        54.61    50.62    52.58
NLD        1893        55.17    50.80    52.95
NLD        1894        56.33    51.83    54.06
NLD        1895        56.25    51.39    53.78
NLD        1896        57.40    52.81    55.09
NLD        1897        57.60    52.29    54.92
NLD        1898        57.72    52.37    55.02
NLD        1899        57.75    52.17    54.94
NLD        1900        58.07    52.20    55.11
NLD        1901        59.17    53.28    56.20
NLD        1902        60.79    54.70    57.71
NLD        1903        60.46    54.36    57.39
NLD        1904        61.23    55.21    58.20
NLD        1905        62.23    55.54    58.86
NLD        1906        62.38    55.92    59.15
NLD        1907        63.39    56.62    59.99
NLD        1908        64.18    56.86    60.49
NLD        1909        65.10    58.18    61.63
NLD        1910        64.79    57.56    61.15
NLD        1911        64.47    57.20    60.82
NLD        1912        67.13    59.75    63.41
NLD        1913        66.51    59.39    62.93
NLD        1914        66.62    59.15    62.84
NLD        1915        67.20    59.56    63.33
NLD        1916        67.22    59.45    63.28
NLD        1917        67.10    59.25    63.12
NLD        1918        67.97    59.75    63.78
NLD        1919        70.19    61.99    66.01
NLD        1920        70.74    62.53    66.57
NLD        1921        70.61    62.34    66.42
NLD        1922        72.07    64.21    68.09
NLD        1923        72.91    64.70    68.74
NLD        1924        73.22    64.99    69.06
NLD        1925        73.51    65.46    69.42
NLD        1926        73.91    66.19    69.99
NLD        1927        74.41    66.94    70.61
NLD        1928        74.82    67.55    71.13
NLD        1929        75.22    68.23    71.66
NLD        1930        75.50    69.02    72.20
NLD        1931        76.50    69.52    72.92
NOR        1846        50.66    47.80    49.23
NOR        1847        51.33    48.15    49.73
NOR        1848        51.58    48.01    49.80
NOR        1849        53.53    51.16    52.35
NOR        1850        52.43    49.70    51.08
NOR        1851        53.35    50.06    51.70
NOR        1852        52.33    48.95    50.66
NOR        1853        52.91    50.28    51.62
NOR        1854        52.98    50.32    51.67
NOR        1855        52.17    49.36    50.78
NOR        1856        51.84    49.39    50.63
NOR        1857        52.08    49.46    50.78
NOR        1858        51.08    48.25    49.68
NOR        1859        51.56    48.90    50.25
NOR        1860        49.57    46.81    48.21
NOR        1861        50.32    46.77    48.58
NOR        1862        51.64    48.65    50.19
NOR        1863        52.58    49.45    51.06
NOR        1864        52.85    49.51    51.22
NOR        1865        53.58    50.62    52.16
NOR        1866        52.72    48.87    50.83
NOR        1867        52.13    48.40    50.29
NOR        1868        52.77    49.41    51.12
NOR        1869        53.12    49.59    51.41
NOR        1870        53.71    50.15    51.97
NOR        1871        53.71    50.46    52.11
NOR        1872        52.67    49.74    51.23
NOR        1873        52.90    49.33    51.13
NOR        1874        52.68    49.47    51.08
NOR        1875        52.98    49.63    51.31
NOR        1876        53.56    49.81    51.69
NOR        1877        53.76    50.81    52.29
NOR        1878        54.34    50.92    52.64
NOR        1879        54.15    51.33    52.77
NOR        1880        53.72    50.18    51.96
NOR        1881        54.08    50.85    52.50
NOR        1882        54.30    51.02    52.69
NOR        1883        55.65    52.05    53.89
NOR        1884        55.02    51.26    53.17
NOR        1885        55.46    52.33    53.94
NOR        1886        55.85    52.56    54.23
NOR        1887        56.24    53.22    54.76
NOR        1888        55.78    52.18    54.00
NOR        1889        56.82    52.83    54.84
NOR        1890        57.60    53.16    55.39
NOR        1891        57.82    53.55    55.68
NOR        1892        58.76    54.15    56.43
NOR        1893        59.50    54.53    56.98
NOR        1894        59.94    54.86    57.37
NOR        1895        60.42    55.27    57.81
NOR        1896        60.57    55.34    57.92
NOR        1897        60.93    55.48    58.19
NOR        1898        61.04    55.50    58.24
NOR        1899        61.43    55.61    58.50
NOR        1900        62.50    56.80    59.63
NOR        1901        63.36    57.45    60.38
NOR        1902        64.05    58.50    61.26
NOR        1903        64.31    58.74    61.52
NOR        1904        65.31    59.03    62.16
NOR        1905        65.27    59.31    62.29
NOR        1906        66.98    60.45    63.67
NOR        1907        67.03    60.62    63.79
NOR        1908        67.27    60.89    64.01
NOR        1909        67.91    61.52    64.66
NOR        1910        68.51    61.73    65.05
NOR        1911        69.02    62.17    65.50
NOR        1912        69.43    62.23    65.73
NOR        1913        69.54    62.62    65.98
NOR        1914        69.74    62.59    66.05
NOR        1915        69.99    62.43    66.13
NOR        1916        71.11    63.25    67.09
NOR        1917        71.40    63.89    67.55
NOR        1918        71.93    63.94    67.83
NOR        1919        72.77    64.71    68.59
NOR        1920        73.52    65.43    69.37
NOR        1921        73.78    65.62    69.60
NOR        1922        74.27    66.31    70.19
NOR        1923        74.69    67.21    70.83
NOR        1924        75.29    67.52    71.26
NOR        1925        75.40    68.14    71.66
NOR        1926        75.60    68.24    71.81
NOR        1927        75.98    68.61    72.19
NOR        1928        76.00    68.83    72.32
NOR        1929        76.39    68.85    72.48
NOR        1930        77.08    69.83    73.33
NOR        1931        77.44    69.95    73.60
NOR        1932        77.52    70.57    73.95
SWE        1751        35.80    32.66    34.22
SWE        1752        37.05    33.90    35.47
SWE        1753        36.66    33.68    35.16
SWE        1754        35.63    33.21    34.43
SWE        1755        35.47    32.92    34.21
SWE        1756        35.35    32.95    34.16
SWE        1757        37.35    34.13    35.75
SWE        1758        37.33    33.93    35.63
SWE        1759        38.31    34.66    36.48
SWE        1760        36.45    33.46    34.96
SWE        1761        35.79    32.56    34.18
SWE        1762        34.89    31.87    33.39
SWE        1763        36.21    32.72    34.46
SWE        1764        36.49    32.80    34.64
SWE        1765        36.71    32.95    34.82
SWE        1766        36.27    32.71    34.49
SWE        1767        34.13    30.91    32.52
SWE        1768        34.99    32.05    33.53
SWE        1769        35.67    32.96    34.34
SWE        1770        36.08    33.04    34.57
SWE        1771        34.90    31.76    33.34
SWE        1772        33.93    30.89    32.41
SWE        1773        39.27    36.17    37.74
SWE        1774        36.85    33.70    35.29
SWE        1775        37.64    34.27    35.96
SWE        1776        38.42    34.68    36.55
SWE        1777        36.65    33.14    34.89
SWE        1778        36.49    32.91    34.70
SWE        1779        37.50    33.75    35.62
SWE        1780        37.91    34.50    36.21
SWE        1781        37.83    34.26    36.05
SWE        1782        37.55    33.86    35.71
SWE        1783        38.48    34.88    36.70
SWE        1784        38.58    35.34    36.99
SWE        1785        39.60    36.00    37.83
SWE        1786        39.01    35.40    37.22
SWE        1787        39.83    36.11    37.99
SWE        1788        38.12    34.30    36.22
SWE        1789        38.81    34.95    36.89
SWE        1790        40.22    36.29    38.25
SWE        1791        40.57    36.29    38.41
SWE        1792        39.65    35.12    37.36
SWE        1793        40.49    36.52    38.49
SWE        1794        39.53    35.46    37.48
SWE        1795        40.03    35.91    37.94
SWE        1796        39.58    35.65    37.58
SWE        1797        39.98    36.13    38.03
SWE        1798        39.72    35.76    37.72
SWE        1799        38.56    34.55    36.52
SWE        1800        39.83    35.82    37.79
SWE        1801        41.20    36.59    38.86
SWE        1802        41.70    36.92    39.27
SWE        1803        40.81    36.20    38.46
SWE        1804        40.42    36.15    38.25
SWE        1805        39.94    35.80    37.84
SWE        1806        39.96    36.16    38.03
SWE        1807        40.17    35.62    37.85
SWE        1808        38.39    34.16    36.24
SWE        1809        41.34    37.08    39.19
SWE        1810        41.31    36.98    39.11
SWE        1811        41.92    37.89    39.88
SWE        1812        42.46    38.11    40.26
SWE        1813        43.65    39.29    41.44
SWE        1814        44.42    40.49    42.43
SWE        1815        44.10    39.93    41.99
SWE        1816        44.45    40.38    42.39
SWE        1817        45.22    41.06    43.11
SWE        1818        44.80    40.68    42.70
SWE        1819        45.08    41.27    43.15
SWE        1820        46.32    42.33    44.30
SWE        1821        46.68    42.93    44.77
SWE        1822        47.86    43.77    45.80
SWE        1823        47.69    43.86    45.75
SWE        1824        47.92    44.14    46.02
SWE        1825        46.84    43.16    44.98
SWE        1826        46.38    42.58    44.47
SWE        1827        46.56    42.81    44.67
SWE        1828        45.87    41.87    43.86
SWE        1829        46.11    42.14    44.10
SWE        1830        46.81    42.53    44.64
SWE        1831        47.23    43.18    45.18
SWE        1832        48.52    44.85    46.67
SWE        1833        47.98    43.93    45.94
SWE        1834        48.64    44.55    46.58
SWE        1835        49.08    45.11    47.08
SWE        1836        47.47    43.36    45.40
SWE        1837        46.88    43.13    44.99
SWE        1838        48.06    44.18    46.11
SWE        1839        49.17    45.03    47.09
SWE        1840        49.05    44.94    46.98
SWE        1841        48.80    44.82    46.80
SWE        1842        48.68    44.77    46.72
SWE        1843        49.11    45.33    47.21
SWE        1844        48.70    45.17    46.93
SWE        1845        47.78    44.45    46.12
SWE        1846        47.46    43.89    45.66
SWE        1847        48.27    44.68    46.47
SWE        1848        49.10    45.28    47.18
SWE        1849        48.54    44.88    46.70
SWE        1850        47.94    44.30    46.10
SWE        1851        47.09    43.73    45.39
SWE        1852        46.97    43.43    45.18
SWE        1853        48.04    44.88    46.45
SWE        1854        48.55    45.61    47.07
SWE        1855        48.28    45.10    46.68
SWE        1856        48.27    44.90    46.57
SWE        1857        48.68    45.46    47.07
SWE        1858        49.20    46.29    47.74
SWE        1859        49.46    46.61    48.03
SWE        1860        48.85    46.25    47.56
SWE        1861        49.01    45.92    47.46
SWE        1862        49.95    47.13    48.53
SWE        1863        49.93    47.24    48.58
SWE        1864        50.39    47.29    48.83
SWE        1865        50.30    47.47    48.88
SWE        1866        50.09    47.62    48.85
SWE        1867        48.88    46.36    47.62
SWE        1868        48.88    46.05    47.47
SWE        1869        50.75    48.55    49.64
SWE        1870        51.25    49.04    50.14
SWE        1871        51.40    49.20    50.29
SWE        1872        50.22    48.10    49.14
SWE        1873        49.84    47.48    48.65
SWE        1874        49.31    46.67    47.97
SWE        1875        49.54    47.29    48.40
SWE        1876        50.54    48.10    49.30
SWE        1877        51.58    48.96    50.24
SWE        1878        52.04    49.28    50.64
SWE        1879        52.88    50.27    51.56
SWE        1880        52.90    50.15    51.51
SWE        1881        53.27    50.58    51.91
SWE        1882        53.40    50.64    52.01
SWE        1883        54.14    51.04    52.58
SWE        1884        54.54    51.63    53.07
SWE        1885        54.80    52.13    53.46
SWE        1886        55.37    52.38    53.87
SWE        1887        56.03    52.82    54.42
SWE        1888        56.19    53.04    54.62
SWE        1889        56.22    52.88    54.56
SWE        1890        56.71    52.96    54.84
SWE        1891        57.26    53.31    55.27
SWE        1892        58.02    54.29    56.15
SWE        1893        58.77    54.84    56.80
SWE        1894        59.14    54.75    56.93
SWE        1895        59.34    55.08    57.19
SWE        1896        59.60    55.33    57.44
SWE        1897        60.20    55.95    58.05
SWE        1898        60.27    55.66    57.93
SWE        1899        60.51    55.76    58.11
SWE        1900        61.30    56.40    58.83
SWE        1901        62.27    57.46    59.83
SWE        1902        63.53    58.67    61.08
SWE        1903        64.27    59.22    61.72
SWE        1904        64.83    59.82    62.29
SWE        1905        65.38    60.06    62.70
SWE        1906        65.89    60.52    63.15
SWE        1907        66.52    61.22    63.83
SWE        1908        66.54    61.24    63.85
SWE        1909        67.54    62.24    64.84
SWE        1910        67.69    62.07    64.80
SWE        1911        68.33    62.67    65.43
SWE        1912        68.77    63.06    65.85
SWE        1913        69.01    63.25    66.06
SWE        1914        68.85    62.74    65.73
SWE        1915        69.53    63.36    66.38
SWE        1916        70.47    64.30    67.30
SWE        1917        71.06    64.83    67.88
SWE        1918        71.24    64.57    67.82
SWE        1919        72.22    65.75    68.90
SWE        1920        72.72    65.69    69.10
SWE        1921        73.32    66.79    69.99
SWE        1922        73.55    66.79    70.10
SWE        1923        74.06    67.35    70.61
SWE        1924        74.61    67.87    71.17
SWE        1925        74.85    68.06    71.38
SWE        1926        74.85    68.33    71.53
SWE        1927        75.33    68.53    71.86
SWE        1928        75.86    69.05    72.40
SWE        1929        76.34    69.51    72.85
SWE        1930        76.09    69.46    72.73
SWE        1931        76.95    70.38    73.61
SWE        1932        77.20    70.78    73.93
SWE        1933        77.83    71.32    74.50
